0.0161216588700577
0.0194004764427510
0.0161216588700579
0.0194004764427509
0.0194004764427510
0.0161216588700579
0.0161216588700579
0.00945808602279578
0.0194004764427510
0.0161216588700578
0.00945808602279585
0.0194004764427510
0.0161216588700578
0.00945808602279587
0.0194004764427510
0.0161216588700579
0.00945808602279590
0.0194004764427509
0.0161216588700580
0.0268817204301079
0.0194004764427510
0.0161216588700578
0.0194004764427510
0.0268817204301078
0.0240437416935462
0.0194004764427510
0.0255022391949065
0.0711458248603657
0.0308370454999469
0.0308370454999469
0.00450386484832198
0.0308370454999469
0.00450386484832198
0.0211719160921836
0.0211719160921806
0.218720020142322
0.218720020142322
0.218720020142322
0.218720020142322
0.218720020142322
0.218720020142322
0.218720020142322
0.218720020142322
0.218720020142322
0.181900370812933
0.181900370812933
0.181900370812933
0.181900370812933
0.181900370812932
0.181900370812933
0.181900370812933
0.0656753681480300
0.0656753681480300
0.0656753681480300
0.0656753681480300
0.0656753681480300
0.0656753681480300
0.0810810810810810
0.0656753681480300
0.0256004744450055
0.0256004744450059
0.00924759295905627
0.00924759295905627
0.00924759295905626
0.0256004744450055
0.00924759295905628
0.0256004744450056
0.00924759295905627
0.0256004744450056
0.00924759295905627
0.143177944503002
0.00924759295905628
0.143177944503002
0.00924759295905628
0.0226568096812140
0.0203028407805981
0.0226568096812141
0.0203028407805981
0.0226568096812141
0.0203028407805981
0.0226568096812140
0.0226568096812140
0.0203028407805981
0.0226568096812141
0.0203028407805981
0.0226568096812141
0.0226568096812140
0.0159701004585374
0.0207921421124884
0.0153846153846164
0.0135140070947368
0.0159701004585374
0.0226258806976425
0.0297103689574175
0.0159701004585374
0.0517818408807127
0.0159701004585375
0.0492801469197339
0.0255550625999979
0.0113442643868590
0.0101574093896274
0.0251460448501619
0.0235990870161826
0.0114461945252824
0.0251460448501619
0.0128547872364566
0.0251460448501619
0.0251460448501619
0.0206771343788835
0.00725463033292585
0.0105538325550233
0.0232341721852978
0.0118577075098821
0.0251460448501617
0.0251460448501618
0.00657894736842118
0.0831160592608100
0.0251460448501617
0.0138560312869368
0.0251460448501619
0.00587084148727970
0.0255402750491151
0.0236514692728695
0.0223641206736525
0.0251460448501619
0.0251460448501619
0.0175315730872699
0.0251460448501619
0.0309329673305952
0.0320023027687739
0.0284252821983379
0.134643414888387
0.0757754709745412
0.0110497237569057
0.0683606338972480
0.146106401293253
0.0224829432239843
0.0114285714285709
0.0178255612955455
0.0577561214897190
0.0224829432239843
0.0178255612955456
0.0359712230215825
0.0553236125882528
0.0196413879202722
0.0339955183262779
0.0169366893697379
0.0240000000000006
0.0339955183262779
0.0438295436545103
0.0822204602372949
0.0207715133531163
0.0128755364806860
0.0728431359084705
0.0432217928069184
0.0210703285685653
0.0140545673785245
0.0296927062547982
0.0296927062547981
0.0296927062547982
0.0296927062547981
0.0296927062547982
0.0421408816666827
0.0296927062547979
0.0421408816666828
0.0421408816666829
0.0128218209693678
0.0421408816666827
0.0296927062547980
0.0128218209693678
0.0421408816666827
0.0128218209693678
0.0296927062547982
0.0421408816666827
0.0296927062547981
0.0296927062547981
0.0128218209693679
0.0128218209693678
0.0296927062547981
0.0128218209693678
0.0421408816666827
0.0296927062547981
0.0421408816666827
0.0128218209693678
0.0369870292005087
0.0283097322706993
0.0369870292005087
0.0283097322706994
0.0283097322706993
0.0256410256410256
0.0531026971980148
0.0162601626016261
0.0162601626016261
0.0531026971980157
0.0531026971980157
0.0385336974356800
0.00216919739696312
0.0531026971980154
0.00255273206204531
0.0505148613005565
0.00216919739696313
0.0505148613005563
0.0531026971980157
0.0531026971980157
0.0385336974356789
0.0505148613005565
0.0505148613005566
0.00255273206204530
0.00255273206204529
0.00216919739696312
0.0505148613005561
0.0658162142304683
0.00255273206204531
0.00216919739696312
0.0428743586473246
0.0428743586473246
0.00255273206204530
0.00255273206204530
0.00255273206204530
0.0658162142304680
0.0505148613005560
0.0428743586473246
0.0367170626349892
0.00779117762195039
0.0367170626349891
0.0658162142304694
0.0214373231428136
0.0171740517977559
0.00779117762195048
0.00779117762195048
0.00779117762195048
0.0367170626349892
0.0214373231428140
0.0658162142304672
0.0367170626349894
0.0170940170940170
0.0171740517977559
0.0346748825937771
0.0367170626349891
0.0367170626349891
0.0170940170940171
0.0658162142304691
0.0346748825937775
0.0346748825937775
0.0171740517977557
0.0136239782016347
0.0346748825937770
0.0171740517977557
0.0171740517977557
0.0350139284110880
0.0171740517977557
0.0350139284110881
0.0350139284110881
0.0171740517977557
0.0136239782016348
0.0136239782016350
0.0346748825937775
0.0122370069434292
0.0350139284110879
0.0346748825937772
0.0171740517977559
0.0350139284110881
0.0303538639479606
0.00557930395888719
0.0171740517977557
0.0171740517977558
0.0350139284110882
0.0303538639479607
0.0171740517977557
0.0171740517977557
0.0122370069434290
0.0350139284110882
0.00557930395888734
0.0122370069434290
0.0350139284110879
0.0570785766446965
0.0632455532033676
0.0350139284110881
0.0350139284110880
0.0122370069434289
0.0505341042481358
0.0570785766446953
0.00557930395888734
0.0350139284110879
0.0122370069434289
0.0505341042481357
0.0505341042481354
0.0350139284110881
0.0576750900790366
0.0576750900790367
0.0505341042481354
0.0350139284110880
0.0505341042481355
0.0122370069434290
0.0576750900790369
0.00557930395888721
0.0576750900790366
0.0505341042481356
0.0697475386317096
0.0184067215429360
0.0505341042481356
0.0184067215429360
0.0697475386317098
0.0505341042481354
0.0184067215429361
0.0697475386317095
0.0697475386317096
0.0184067215429361
0.0697475386317098
0.0697475386317097
0.0697475386317097
0.0184067215429360
0.0184067215429360
0.0184067215429360
0.00543228672676899
0.0603581841178195
0.0116305210904364
0.0110434694978131
0.00706472458799992
0.0140702578504338
0.0112532939146447
0.0233758838778332
0.00757614408414158
0.00439196758500961
0.00989663715213732
0.0131025907716168
0.0208931958659531
0.0135646468693564
0.0169387842412729
0.0169387842412727
0.0297103689574175
0.0270270270270271
0.0115919144456811
0.0257056706595549
0.0214752504108563
0.0180619384289158
0.0180619384289155
0.00852376188052925
0.0477029498934413
0.0393700787401574
0.0835224520712847
0.0385528961637895
0.0988943341200441
0.0315424839282408
0.0223296878269437
0.0288615012729205
0.0201127103688667
0.156763098933217
0.111111111111111
0.158113883008419
0.117687788289463
0.0197024659861420
0.0307723703264830
0.0485071250072661
0.00491046375823994
0.0419250148309765
0.0350169882269020
0.00491046375823994
0.0362618862146947
0.0350169882269019
0.0260154056815960
0.00491046375823996
0.0146148233823515
0.0465873857662583
0.0465873857662584
0.0294271300936315
0.0999012924720282
0.0254813254481637
0.0207043331249981
0.0372161463782395
0.0378509753441244
0.0136986301369862
0.0374988732479001
0.0189695621224907
0.0189695621224893
0.0189695621224873
0.0189695621224876
0.0568642016006936
0.0568642016006894
0.0599078220880642
0.0599078220880642
0.0599078220880642
0.0599078220880642
0.0968603874415498
0.0412575786136966
0.0304114490161002
0.0992409757435941
0.0441928459340751
0.149491745885991
0.0269403138118646
0.0682633381724778
0.0266670691915037
0.0557156823608466
0.00939204014947075
0.0366032210834553
0.00361816665923156
0.0341760149812701
0.0156763098933217
0.0623356903408886
0.0200191069919673
0.0630338196942913
0.0740373652661778
0.0463839834738511
0.0516182261579432
0.0245910872303240
0.0199201727926187
0.0481045380498016
0.0254285205715811
0.0168358757425367
0.0326726785655356
0.0367706704670744
0.0217241518939222
0.00764439763444920
0.0326726785655351
0.0326726785655352
0.0217241518939222
0.0326726785655353
0.00764439763444920
0.0270123365929309
0.0326726785655355
0.00628930817610073
0.0217241518939222
0.0270123365929310
0.0431136777983880
0.0217241518939222
0.0270123365929310
0.0360656125403195
0.0317828457076762
0.0270123365929311
0.0360656125403192
0.0360656125403193
0.0317828457076762
0.0360656125403195
0.0166550409111927
0.0270123365929310
0.0344010458076891
0.0166550409111927
0.0317828457076762
0.00614875461901351
0.0270123365929310
0.0429232294698095
0.0317828457076762
0.0166550409111927
0.0166550409111927
0.00614875461901349
0.0166550409111927
0.0270123365929309
0.0317828457076764
0.0317828457076764
0.0541891255328106
0.0317828457076762
0.0166550409111927
0.0541891255328105
0.0317828457076762
0.0541891255328105
0.0166550409111927
0.0541891255328105
0
0.0428549564355482
0.00241333372418607
0.00999736953141919
0.0103807400521027
0.0103807400521027
0.0103807400521027
0.00999736953141915
0.00241333372418615
0.0103807400521028
0.00241333372418611
0.00999736953141920
0.0149373583486841
0.0103807400521026
0.0103807400521026
0.0103807400521027
0.00999736953141915
0.0103807400521027
0.0103807400521027
0.0149373583486852
0.0103807400521027
0.0149373583486856
0.0149373583486856
0.0149373583486846
0.0255300657932982
0.0737062977321271
0.0603236048058334
0.0184760409965789
0.00645161290322581
0.0182565236778077
0.00760567339285643
0.00908329503181570
0.0225970519596217
0.00908329503181566
0.0225970519596217
0.00908329503181586
0.0167692317372914
0.00456600844475940
0.0167692317372919
0.00456600844475948
0.00775536976157209
0.00456600844475925
0.00775536976157207
0.102429961212608
0.00775536976157209
0.0136182340580397
0.00436778682343689
0.0136182340580397
0.00436778682343689
0.0261891400439465
0.0930641246197011
0.0473920186852605
0.0341439278576954
0.164868254735842
0.0531152639027573
0.0341439278576949
0.0261935933917438
0.0531152639027576
0.0261935933917438
0.0121736053843430
0.0121736053843433
0.0121736053843433
0.0121736053843433
0.00684931506849300
0.0156091733540124
0.0116556062832949
0.0244009036121119
0.0244009036121120
0.0126510571068912
0.0244009036121120
0.0126510571068912
0.0126510571068915
0.0244009036121122
0.0244009036121122
0.0126510571068912
0.0244009036121119
0.0244009036121123
0.0356524427489030
0.0356524427489029
0.0356524427489015
0.0356524427489014
0
0
0
0
0
0
0
0
0
0
0
0
0
0
0
0
0
0
0
0
0.0819231920519038
0.0819231920519041
0.00890863736055698
0.00890863736055703
0.0344930137164174
0.0425737420425765
0.0151843817787417
0.0151843817787417
0.0196578773076606
0.0126269068069026
0.0464913756693262
0.0464913756693263
0.0153508624280017
0.0464913756693262
0.0352402190223714
0.0561445565425732
0.0464913756693262
0.00843881856540122
0.0416666666666659
0.0561445565425761
0.0591073979584262
0.0213667409470837
0.0267379679144387
0.0160919540229894
0.0312356486789223
0.0339008831095658
0.0192810228634439
0.00291545189504381
0.0319405691745149
0.0160706086633305
0.0382513661202186
0.00913242009132442
0.0146734735889217
0.0328333025459638
0.00913242009132442
0.0118343195266275
0.0168206258519596
0.00913242009132412
0.0520683311727114
0.0192810228634439
0.0520683311727113
0
0.0146148233823515
0.0259106182742244
0.0194440693695630
0.0235702260395516
0.0193727885256590
0.0191885253321708
0.0461568890417966
0.00810840425684160
0.188888888888886
0.0218434151993882
0.0276958962503395
0.0253868841642828
0.0253868841642826
0.0276958962503395
0.0218434151993882
0.0253868841642827
0.0276958962503394
0.0218434151993882
0.0253868841642827
0.0276958962503395
0.0218434151993882
0.0276958962503396
0.0253868841642826
0.0218434151993882
0.0276958962503395
0.0253868841642827
0.0218434151993882
0.0276958962503394
0.0253868841642825
0.0218434151993882
0.0276958962503395
0.0253868841642827
0.0218434151993882
0.0253868841642826
0.0218434151993882
0.0253868841642827
0.0253868841642826
0.0944709021894064
0.0595240006953960
0.0962673762576160
0.00883883476483184
0.0194761837509388
0.0194761837509387
0.0194761837509387
0.0194761837509385
0.0194761837509385
0.0194761837509385
0.0194761837509387
0.0194761837509387
0.0194761837509387
0.0194761837509387
0.00536738896167424
0.0353813206253151
0.0353813206253154
0.0353813206253153
0.0171665529153698
0.0171665529153697
0.0171665529153697
0.0154479489094489
0.0171665529153697
0.0171665529153696
0.0171665529153698
0.0171665529153695
0.0171665529153696
0.0171665529153697
0.0171665529153697
0.160512362612743
0.0493712874980944
0.0493712874980949
0.0493712874980948
0.0493712874980950
0.00517395205746262
0.00517395205746252
0.00517395205746256
0.00517395205746257
0.00517395205746261
0.00517395205746256
0.0347429987557064
0.0347429987557064
0.0299630299900055
0.0299630299900055
0.0299630299900055
0.0299630299900055
0.0299630299900055
0.0220865564220188
0.0220865564220188
0.0220865564220188
0.0220865564220187
0.0220865564220188
0.0220865564220189
0.00872971334798207
0.00872971334798207
0.00673934817843739
0.00673934817843736
0.00673934817843738
0.00673934817843738
0.00673934817843739
0.00673934817843738
0.00842835894894300
0.0422164579149171
0.0422164579149170
0.0422164579149171
0.0422164579149171
0.0422164579149171
0.0422164579149171
0.0238034358268879
0.0238034358268879
0.0238034358268879
0.0238034358268879
0.00793650793650792
0.00793650793650791
0.00843799236792373
0.00843799236792372
0.00843799236792371
0.0306930939872282
0.0306930939872282
0.0306930939872282
0.0306930939872282
0.0306930939872282
0
0
0
0.0199616157353261
0
0
0.00848057449942363
0
0.0386700269549861
0
0.0549156751467735
0
0.00821310085527106
0.0189110161644235
0.0310564996874971
0.0232558139534884
0.0170879207367957
0.0349650349650343
0.106479427499990
0.0106157112526544
0.0172465068582080
0.0204366121730217
0.0277777777777783
0.0204366121730216
0.00683812837155887
0.0248658708652688
0.0790569415042093
0.0139534883720928
0.0101694915254240
0.0237374519904426
0.00183486238532105
0.0227634799713958
0.00846003133560253
0.0632982139562074
0.0125487208736840
0.0233642505143266
0.0135457152916522
0.0254545454545455
0.0156405913946230
0.0292489492641676
0.0142617473892583
0.00958466453674121
0.0234717709251558
0.0132313631624926
0.0191082802547771
0.0225191760917346
0.0163816186409433
0.0163816186409431
0.0163816186409432
0.0163816186409431
0.0163816186409433
0.0163816186409437
0.0216727180803220
0.0216727180803222
0.0216727180803218
0.0216727180803219
0.0216727180803222
0.00746902192390355
0.00746902192390356
0.00746902192390355
0.00746902192390376
0.00746902192390360
0.00746902192390355
0.0279740679282489
0.0279740679282487
0.0279740679282488
0.0279740679282487
0.0259365994236306
0.0185477548056423
0.0232117783131470
0.0185477548056425
0.0185477548056425
0.0316007182815944
0.0185477548056424
0.0185477548056425
0.0185477548056425
0.0124053821260795
0.0185477548056425
0.00327868852459013
0.0344946621095766
0.0344946621095766
0.0344946621095766
0.0122619673038136
0.0344946621095766
0.0344946621095767
0.0344946621095766
0.00609756097560957
0.0466558824368422
0.0243672615707446
0.0218692818923677
0.00804289544235941
0.00588235294117645
0.0153203342618386
0.0132311714644960
0.0153203342618386
0.0195202324701748
0.0153203342618386
0.0153203342618385
0.0158818865020843
0.0153203342618386
0.0153203342618386
0.0158818865020840
0.0153203342618385
0.0153203342618385
0.0153203342618384
0.176345375872891
0.0382893298030505
0.0898502923097219
0.188378199975977
0.123333563154778
0.0998040333647137
0.106998662583734
0.127332802762210
0.140773846930493
0.121173013180185
0.0609238620778228
0.127967175159618
0.119954638876064
0.105816767424974
0.185042608645884
0.116964503628582
0.121819179929367
0.0698430295769578
0.108618944324097
0.107738489874711
0.0680047965129364
0.152737493645488
0.0832660753836972
0.0992477470223305
0.150231303144333
0.109147336848295
0.0755853486085715
0.0657667449098042
0.0567529943527865
0.0724623132797480
0.103831485769773
0.116735666619915
0.0840837334143907
0.0859946976248201
0.139175070732462
0.125284248558240
0.0825193925333471
0.173982509871126
0.0530920989171599
0.106015645537226
0.148881254491006
0.182475018096349
0.0784737221022318
0.202299264684635
0.132714067033124
0.0970123886485130
0.207643287212843
0.0745628169245354
0.0166927353263873
0.0546641169367382
0.0166927353263873
0.0546641169367381
0.0166927353263873
0.0546641169367382
0.0166927353263873
0.0223978599847451
0.0223978599847447
0.0223978599847446
0.0141523289715177
0.0255104551292145
0.0223978599847446
0.0255104551292145
0.0141523289715177
0.0255104551292145
0.0141523289715177
0.0223978599847446
0.0255104551292145
0.0141523289715177
0.0223978599847454
0.0530583500028250
0.0310823385815861
0.0530583500028251
0.0310823385815861
0.0530583500028251
0.0310823385815861
0.0530583500028251
0.0310823385815861
0.0530583500028251
0.0530583500028251
0.0129952566587111
0.0129952566587065
0.0129952566587093
0.0129952566587080
0.0129952566587067
0.139292490836624
0.00830340276741288
0.00830340276741258
0.228156869489385
0.0113401098772914
0.0113401098772915
0.0113401098772914
0.0113401098772914
0.0113401098772915
0.0113401098772915
0.0113401098772915
0.0644832790610371
0.0303030303030307
0.0677344088222826
0.0876581463258498
0.102553343218900
0.102553343218900
0.0186016332951082
0.102553343218900
0.102553343218899
0.0186016332951081
0.0163618864292588
0.102553343218900
0.102553343218900
0.0163618864292588
0.107376108357361
0.107376108357361
0.0915816360430743
0.0163618864292588
0.107376108357361
0.107376108357361
0.0163618864292588
0.107376108357361
0.0115131468210015
0.107376108357361
0.0163618864292588
0.0843489136208931
0.0115131468210014
0.0163618864292588
0.0843489136208932
0.0115131468210015
0.0843489136208932
0.0843489136208932
0.0115131468210014
0.0843489136208933
0.0110151131896542
0.0471649724719607
0.0471649724719609
0
0.0378994572457585
0
0
0
0
0.0455269599427926
0.00363636363636365
0.0142486605020005
0.00363636363636365
0.0263845813875578
0.00363636363636365
0.0263845813875577
0.00363636363636365
0.0486621002423856
0.00363636363636364
0.0193727885256588
0.0107526881720430
0.0107526881720430
0.0279500098873176
0.0230414746543774
0.0246414734962523
0.0318688719599548
0.0220970869120797
0.111111111111111
0.0119848606980772
0.0721312250806386
0.0278458734581617
0.0163216640693414
0.0442777506154882
0.0344827586206896
0.0221392869059389
0.00518809275522018
0.0281085323910446
0.0178489421022407
0.0793650793650792
0.0260154056815952
0.00598802395209576
0.0240437416935464
0.0596575877636518
0.0156060924300483
0.0596575877636522
0.0134038963863900
0.0131070807590843
0.0183505220031111
0.0140845070422535
0.0217234226850246
0.0102569072572840
0.0121159510803417
0.0147692732992060
0.00318516568102048
0.00946696930412928
0.0163934426229508
0.00977243363430127
0.00367170439655138
0.00641366694953785
0.0194440693695634
0.0169879015997934
0.00486579119495815
0.0156060016109677
0.0306498770187940
0.0306498770187940
0.0306498770187940
0.0314701368010904
0.0314701368010903
0.0324067822826057
0.0166112956810631
0.0166112956810632
0.101336128235391
0.0243902439024390
0.0243902439024390
0.0275872371216506
0.135252954793409
0.0275872371216506
0.0275872371216506
0.0275872371216506
0.0275872371216505
0.0275872371216505
0.0275872371216505
0.0275872371216506
0.0275872371216505
0.0275872371216506
0.0275872371216505
0.00329909851253464
0.00329909851253448
0.00329909851253436
0.00329909851253434
0.00329909851253454
0.00329909851253459
0.00329909851253454
0.00923971751433327
0.00923971751433325
0.00923971751433317
0.0150004590727971
0.00776479402187903
0.00776479402187908
0.127721226127729
0.0337734881028087
0.0691172537690855
0.0691172537690855
0.120185042515467
0
0
0
0.0579434035635541
0.0579434035635544
0.0292803487052631
0.0292803487052626
0
0.0292803487052628
0
0.0416475315718956
0.0416475315718953
0
0.0862132570689930
0
0.100591715976332
0.0507039295203950
0
0
0.0299401197604788
0
0.0526315789473691
0.0109890109890110
0
0.101639453522718
0.0266832747617566
0.0424845381940360
0
0.0424845381940361
0.0295517467871284
0
0.0798243341415699
0.0798243341415698
0.0295517467871283
0.0380997308454025
0.0276033303420035
0
0.0543928293220413
0.0539084636117520
0.0539084636117522
0.0216594360285504
0.0206031501455082
0.0425737420425765
0.0216594360285504
0.0219222350735273
0.0206031501455082
0.0216594360285502
0.0216594360285503
0.0500771010481117
0.0589751964179400
0.0149607936741242
0.0240719176430627
0.0149607936741243
0.0138648388467954
0.0240719176430625
0.0149607936741243
0.0202177293934659
0.0149607936741243
0.0139766292393812
0.0240719176430625
0.0240719176430622
0.0638251644832468
0.0157819063942233
0
0.175198300346906
0.0157819063942231
0.185185185185185
0.0306310681849285
0.0265818100404488
0.0306748466257666
0.0157819063942232
0.0322722754024861
0.0356985274798415
0.0356985274798414
0.0259392178090932
0.0491561443831008
0.0491561443831007
0.0447761194029854
0.0259392178090930
0.0491561443830995
0.0172268878094308
0.0194855503596227
0.0262773722627741
0.00318386534796738
0.0172268878094310
0.0172268878094310
0.0172268878094313
0.0194855503596226
0.00318386534796729
0.0262773722627740
0.00318386534796736
0.0194855503596226
0.00318386534796736
0.0262773722627733
0.0194855503596226
0.00318386534796736
0.0262773722627734
0.0185185185185189
0.00836581391578938
0.00836581391578939
0.00836581391578939
0.0437910958696044
0.0437910958696044
0.0437910958696044
0.0437910958696044
0.0437910958696044
0.0437910958696044
0.0437910958696044
0.0437910958696044
0.0119904076738609
0.0119904076738609
0.0119904076738609
0.0372918703273690
0.0372918703273690
0.0372918703273690
0.0372918703273690
0.0189645496869957
0.0189645496869956
0.0189645496869956
0.0189645496869957
0.0189645496869955
0
0
0
0
0
0
0
0.0183853352335373
0.0128755364806856
0.136071562799546
0.00719424460431684
0.00941619585687446
0.245289802570611
0.0149025097011064
0.0352963189760644
0.00937319763528212
0.155613434426267
0.0641213955696975
0.133419487411343
0.0641213955696995
0.0114195894647585
0.238420092297039
0.0114195894647585
0.291301970029985
0.0114195894647587
0.0399297853124965
0.0406557814090872
0.339765560303186
0.0587220646744748
0.0256244307798072
0.0599682530176292
0.0510286311690014
0.0602402119526041
0.0510286311690015
0.0602402119526042
0.00906547155367368
0.0602402119526042
0.0602402119526042
0.0510286311690014
0.0602402119526042
0.00906547155367368
0.0602402119526042
0.00906547155367368
0.0510286311690016
0.0602402119526042
0.0510286311690015
0.0518605076991852
0.0510286311690014
0.0602402119526042
0.0518605076991851
0.0602402119526042
0.0510286311690015
0.0518605076991850
0.0602402119526042
0.0518605076991849
0.0518605076991853
0.0518605076991849
0.0866626244119020
0.0518605076991851
0.0866626244119019
0.0518605076991850
0.0518605076991849
0.0518605076991849
0.0866626244119018
0.0518605076991850
0.0866626244119019
0.0518605076991850
0.0364215679542341
0
0.0343658900016844
0.0122189506967203
0.0108022607608687
0.189765856603370
0.0573329822583693
0.111909023271597
0.0422107735513024
0.0520718944099526
0.0235160035246051
0.0269405780421659
0.149465300431435
0.00535686955444349
0.0434782608695654
0.0108022607608687
0.0335242106671882
0.0109890109890110
0.0264991400758188
0.0136986301369861
0.0264991400758188
0.0429490169335170
0.0264991400758188
0.0210970464135020
0.0102103560616430
0.0264991400758188
0.0319438282499967
0.0264991400758188
0.0359085881238931
0.0156368390034949
0.0264991400758188
0.0934482472166675
0.144222051018559
0.0264991400758188
0.0848917638540269
0.127848624907449
0.0170749979664877
0.00383141762452110
0.106816207917555
0.0170749979664875
0.0376584951547869
0.0724915050593470
0.0198675496688742
0.0794850581060789
0.0878948509400892
0.0631970260223033
0.0122189506967203
0.0827146660292565
0.0649350649350650
0.0649350649350650
0.0385528961637895
0.0316166970521508
0.0283278861866268
0.0397348936776493
0.0461309485351685
0.0374101640810517
0.0286389387686206
0.0163498716449186
0.0274879758145164
0.0297349465093057
0.0220936269119893
0.0215783456270401
0.0102103560616429
0.0304157699847200
0.0557939914163090
0.0257526854257957
0.0230472406910881
0.0200947935968518
0.0200947935968519
0.0200947935968519
0.0200947935968519
0.0200947935968519
0.0200947935968519
0.0200947935968519
0.0200947935968519
0.0200947935968519
0.0389558881097525
0.0389558881097525
0.0389558881097525
0.0194260104721579
0.0194260104721579
0.0194260104721579
0.0194260104721579
0.0194260104721579
0.0302505574839165
0.0302505574839165
0.0302505574839165
0.0302505574839165
0.0397568674448404
0.0105992432535160
0.0397568674448403
0.0397568674448404
0.0622339316726902
0.0397568674448407
0.0397568674448407
0.0622339316726906
0.0269774370399089
0.0269774370399089
0
0.0269774370399088
0.0269774370399089
0.0269774370399090
0
0.0191420156550677
0
0.0191420156550677
0.0191420156550676
0
0.0191420156550675
0.0191420156550675
0
0.0191420156550676
0.0106968507323618
0.00398586092245724
0
0
0
0
0
0.00785492144734836
0.0126240948019229
0.0143934182653222
0
0.0126240948019233
0.0205890297531369
0.0126240948019227
0.0205890297531364
0.0205890297531366
0.0126240948019230
0.00605016836240125
0.0205890297531364
0.0270232325360978
0.0126240948019233
0.0205890297531367
0.0205890297531368
0.0205890297531364
0.0126240948019233
0.0205890297531364
0.0126240948019232
0.0126240948019230
0.0126240948019232
0.0126240948019227
0.0192361218753300
0.00816796923288513
0
0
0.0250645936329618
0.0150448251316287
0.0213775054566265
0.0147641770811090
0.00540540540540541
0.0353511912940996
0.0274341442946966
0.0274341442946966
0.0274341442946966
0.0274341442946966
0.0274341442946966
0.0274341442946966
0.0214057384054017
0.0214057384054017
0.0214057384054017
0.0214057384054017
0.0214057384054017
0.0214057384054017
0.0214057384054017
0.0214057384054017
0.00781517910752576
0.0193325404562843
0.00781517910752581
0.0193325404562843
0.0193325404562843
0.0193325404562843
0.00781517910752581
0.0193325404562842
0.00781517910752582
0.0193325404562842
0.00781517910752575
0.0193325404562843
0.0193325404562843
0.0193325404562843
0.0193325404562842
0.00781517910752575
0.0193325404562842
0.00781517910752582
0.00781517910752576
0.00781517910752580
0.00781517910752581
0.00781517910752579
0.00781517910752580
0.00781517910752582
0.00781517910752581
0.00710169848689808
0.00710169848689804
0.00710169848689804
0.00710169848689802
0.00710169848689803
0.00710169848689805
0.00710169848689807
0.0224297046052471
0.0120152872552886
0.0224297046052474
0.0120152872552886
0.0224297046052474
0.0120152872552885
0.00486789330061121
0.00729927007299270
0.00486789330061121
0.00729927007299278
0.00729927007299276
0.00486789330061121
0.00729927007299269
0.00486789330061121
0.00729927007299276
0.00486789330061118
0.00729927007299276
0.00486789330061120
0.00729927007299277
0.00486789330061121
0.0281727083677020
0.00486789330061121
0.0281727083677020
0.00500360389267144
0.0281727083677020
0.00500360389267141
0.0281727083677020
0.00500360389267143
0.0790479096264855
0.134099778945682
0.0228070175438597
0.0137469119064210
0.0137469119064210
0.0137469119064209
0.0137469119064208
0.0137469119064209
0.0137469119064209
0.0154320616981572
0.0154320616981571
0.0154320616981569
0.0154320616981572
0.0154320616981574
0.0154320616981574
0.00568761145678690
0.00568761145678700
0.00568761145678677
0.00568761145678690
0.00568761145678690
0.00568761145678675
0.00702173987607988
0.00702173987607998
0.00702173987608002
0.00702173987608013
0.0185593867007724
0.0185593867007723
0.0185593867007724
0.0174216027874564
0.0174216027874562
0.0373778967618286
0.0199203187250999
0.0199203187251000
0.0199203187251000
0.0174282503918578
0.0174282503918578
0.0139304919403056
0.0139304919403056
0.0139304919403056
0.0143055057474524
0.0115493154779206
0.0143055057474524
0.0115493154779207
0.0242874870836330
0.0143055057474525
0.0143055057474524
0.0242874870836330
0.0166223196270339
0.0143055057474524
0.0242874870836329
0.0166223196270339
0.0242874870836330
0.0143055057474524
0.0166223196270339
0.0242874870836330
0.0143055057474524
0.0242874870836329
0.0166223196270336
0.0166223196270336
0.0143055057474523
0.0166223196270338
0.0242874870836327
0.0242874870836328
0.0166223196270338
0.0242874870836330
0.0143055057474525
0.0166223196270339
0.0242874870836330
0.0213773229206479
0.0166223196270339
0.0242874870836330
0.0213773229206479
0.0166223196270338
0.0213773229206480
0.0166223196270339
0.0213773229206479
0.0117317312565571
0.0278212255439788
0.0138269517441662
0.0396159685883087
0.0106116700005650
0.00907353220254250
0.0344063862374745
0
0
0.0359919339903532
0.0359919339903533
0
0.0396900513872764
0.0359919339903533
0
0.0344063862374744
0.0359919339903533
0.0359919339903534
0.0396900513872764
0.0344063862374742
0.0359919339903533
0
0.0378131968548957
0.0378131968548956
0
0.0396900513872763
0.0378131968548956
0.0359919339903532
0.0378131968548956
0.0344063862374745
0
0
0.0378131968548956
0.0378131968548956
0.0378131968548956
0.0411553621806374
0.0378131968548956
0.0396900513872763
0.0378131968548956
0.0378131968548956
0.0378131968548956
0
0.0359919339903532
0
0.0378131968548956
0.0359919339903533
0.0411553621806374
0.0378131968548956
0.0344063862374742
0.0396900513872763
0.0344063862374743
0.0378131968548956
0.0378131968548957
0.0359919339903533
0.0344063862374743
0.0396900513872763
0.0378131968548956
0.0411553621806374
0.0378131968548957
0
0.0359919339903534
0.0378131968548956
0.0411553621806373
0.0344063862374744
0.0378131968548956
0.0378131968548956
0.0396900513872763
0.0378131968548957
0.0378131968548956
0.0378131968548956
0.0378131968548957
0.0411553621806374
0.0568482479467122
0.0411553621806374
0.0426229508196722
0.0411553621806374
0.0604441922914870
0.0426229508196721
0.0411553621806374
0.0604441922914870
0.0426229508196721
0.0604441922914867
0.0604441922914870
0.0430278768608895
0.0430278768608894
0.0430278768608894
0.0430278768608894
0.0184747083825826
0.0246318431585591
0
0.0430278768608896
0.0184747083825826
0.0430278768608894
0
0.0246318431585590
0.0184747083825826
0.0246318431585590
0
0.0184747083825825
0.0246318431585589
0
0.0184747083825826
0.0246318431585591
0
0.0184747083825826
0.0246318431585590
0.0246318431585590
0.0246318431585591
0.0246318431585590
0.0246318431585591
0.0103675777568331
0.0103675777568332
0.0103675777568332
0.0103675777568332
0.0103675777568332
0.0103675777568332
0.0103675777568332
0.0103675777568332
0.0103675777568332
0.0103675777568332
0.529888839128489
0.423674415589539
0
0
0.725105772538868
0
0
0
0
0.643404993232719
0.0270806852369318
0.0230531217522161
0.0230531217522161
0.0270806852369318
0.0230531217522162
0.0230531217522162
0.0270806852369292
0.0230531217522162
0.0338609762292119
0.0338609762292117
0.00807244757220159
0.0197837206089697
0.0197837206089692
0.0197837206089686
0.0226781742139935
0.0103519668737064
0.0103519668737063
0.0103519668737062
0.297582546364578
0.416346538134693
0.131726511797474
0.224475346439926
0.198880465539673
0.206249143275416
0.158102220160054
0.0206253790990892
0.0349031726921516
0.0209203189700162
0.0524638518035706
0.0635830652227096
0.144497991279823
0.144497991279825
0.144497991279826
0.144497991279826
0.144497991279825
0.144497991279824
0.153834080209535
0.153834080209535
0.153834080209535
0.153834080209535
0.359214855974641
0.359214855974641
0.359214855974641
0.0137946386671065
0.0219212053129048
0.0333598652516742
0.0166870744589537
0.0229357798165138
0.0343056354725036
0.0450486417555724
0.0169420288052262
0.0331507364190412
0.0230511048965496
0.0345301290535314
0.0345301290535315
0.0345301290535315
0.0345301290535315
0.0345301290535314
0.0251213745430324
0.0251213745430324
0.0251213745430324
0.0251213745430324
0.0251213745430324
0.0251213745430324
0.0251213745430324
0.0251213745430324
0.0251213745430324
0.0251213745430324
0.0251213745430324
0.0251213745430324
0.0251213745430324
0.0216108964034598
0.00516673887779096
0.0216108964034598
0.0216108964034598
0.00516673887779096
0.0216108964034598
0.0216108964034598
0.00516673887779096
0.0216108964034598
0.0216108964034598
0.00516673887779096
0.0216108964034598
0.0207373510778339
0.00516673887779096
0.0207373510778340
0.00516673887779096
0.0417302488224043
0.0207373510778339
0.0207373510778340
0.0207373510778340
0.0417302488224044
0.0207373510778340
0.00516673887779096
0.0207373510778340
0.0417302488224043
0.0207373510778340
0.0207373510778340
0.00516673887779096
0.0417302488224043
0.0207373510778340
0.0207373510778340
0.0417302488224045
0.0641254602603052
0.0140875644471978
0.0417302488224045
0.0641254602603053
0.0417302488224045
0.0417302488224044
0.0641254602603053
0.0417302488224045
0.0641254602603054
0.0641254602603053
0.0641254602603052
0.0140875644471976
0.0417302488224044
0.0641254602603052
0.0417302488224045
0.0417302488224045
0.0417302488224044
0.0140875644471976
0.0417302488224045
0.0417302488224045
0.0140875644471976
0.0417302488224045
0.0140875644471977
0.0471404520791031
0.0471404520791032
0.0471404520791030
0.00634920634920635
0.0199910856095384
0.00679655920212702
0.00898019268072205
0.0329393237518265
0.0329393237518264
0.0396465953457410
0.0329393237518263
0.0396465953457410
0.0396465953457410
0.0329393237518265
0.0396465953457410
0.0329393237518265
0.0396465953457410
0.0329393237518265
0.0329393237518265
0.0396465953457407
0.0329393237518262
0.0396465953457410
0.0329393237518264
0.0396465953457408
0.0329393237518264
0.0329393237518264
0.0396465953457410
0.0174420279056147
0.0396465953457410
0.0329393237518264
0.0396465953457410
0.0174420279056146
0.0329393237518262
0.179351284840249
0.0174420279056146
0.179351284840249
0.0329393237518264
0.0174420279056146
0.179351284840249
0.0329393237518265
0.179351284840249
0.0329393237518265
0.0174420279056146
0.0329393237518264
0.179351284840249
0.0174420279056146
0.179351284840249
0.0329393237518264
0.179351284840249
0.0174420279056146
0.0329393237518265
0.179351284840249
0.0329393237518265
0.0174420279056146
0.0174420279056146
0.179351284840249
0.0329393237518264
0.179351284840249
0.0329393237518265
0.179351284840249
0.179351284840249
0.0329393237518264
0.0329393237518265
0.179351284840249
0.0329393237518264
0
0.0182195528848419
0.0190004867539984
0.0156599552572707
0
0
0.0144858508908886
0.0452668400718178
0
0.0528236081447956
0
0
0.0135039373612883
0.0480630749286563
0
0.00961538461538462
0
0
0.0234400037962391
0.00602409638554217
0
0.00604364770244912
0.0165081856899785
0
0.0503568613891616
0.0503568613891619
0.0503568613891620
0.0361445783132543
0.0361445783132530
0.0361445783132530
0.0359614463499855
0.0359614463499839
0.0359614463499838
0.0503568613891616
0.134170632131402
0.0361445783132543
0.0359614463499848
0.134170632131402
0.0429662655877697
0.134170632131402
0.134170632131402
0.134170632131401
0.0429662655877711
0.104463307562375
0.106932560844620
0.106932560844619
0.0429662655877707
0.104463307562375
0.104463307562375
0.104463307562375
0.0312917935362691
0.0429662655877711
0.104463307562375
0.0169230335764630
0.0312917935362693
0.104463307562375
0.0429662655877690
0.104463307562375
0.104463307562375
0.104463307562375
0.0312917935362691
0.104463307562375
0.0169230335764634
0.0429662655877711
0.104463307562375
0.104463307562375
0.0429662655877690
0.104463307562375
0.104463307562375
0.0169230335764630
0.0630527167476660
0.0630527167476640
0.0808980306400804
0.0808980306400805
0.157288599428962
0.0630527167476660
0.157288599428953
0.224790453361432
0.197419491567741
0.197419491567737
0.00740740740740743
0.0172606136269042
0.0172606136269042
0.197419491567741
0.0385336974356791
0.0172606136269042
0.0385336974356791
0.0385336974356791
0.0192921778559754
0.0385336974356791
0.0192921778559754
0.0385336974356791
0.150585448897270
0.0192921778559754
0.0488599917525399
0.0488599917525399
0.0192921778559754
0.0488599917525399
0.0192921778559754
0.150585448897275
0.0488599917525399
0.0488599917525399
0.0192921778559754
0.0488599917525399
0.0192921778559754
0.109978561741286
0.0192921778559754
0.0745522287306984
0.0745522287306985
0.0885962389922917
0.0745522287306984
0.0885962389922917
0.0885962389922917
0.0783122755383854
0.0885962389922917
0.0783122755383854
0.0783122755383854
0.0462334569281949
0.0190029237516523
0.0428571428571429
0.0753155600290305
0.0321280957840337
0.0180573969005153
0.0488056158429046
0.0186016332951081
0.0299727520435967
0.0919792540288063
0.0416666666666667
0.0362557251583512
0.0419529767385064
0.0653948970783532
0.0258351558383570
0.0509493025284543
0.106268752346554
0.142643689738531
0.0329403922934206
0.0612862922306825
0.0451771640586742
0.0546943319406975
0.0639292964680968
0.0394958620597941
0.0394958620597945
0.0394958620597940
0.0232000085594402
0.0394958620597942
0.0232000085594402
0.0232000085594402
0.00940438871473337
0.0232000085594400
0.0232000085594402
0.0145058608264605
0.0310288405805851
0.0227944140042051
0.0266962177095978
0.0419798472491835
0.0104568842390383
0.0987927122818323
0.115920756468819
0.0717584242795232
0.0693917014375251
0.102285112418543
0.102285112418543
0.102285112418543
0.102285112418543
0.102285112418543
0.0608606023106369
0.0608606023106368
0.0608606023106343
0.0176187080533025
0.0182422574219035
0.0176187080533023
0.0116881036187655
0.0182422574219038
0.0176187080533023
0.0116881036187653
0.0182422574219035
0.0116881036187654
0.0182422574219035
0.0208492603759114
0.0116881036187652
0.0182422574219035
0.0208492603759115
0.0208492603759117
0.0182422574219035
0.0208492603759115
0.00711746232796193
0.0149931113658823
0.00711746232796202
0.0149931113658823
0.00711746232796200
0.0149931113658823
0.00711746232796203
0.0149931113658823
0.00711746232796187
0.0149931113658823
0.0149931113658823
0.00711746232796200
0.0149931113658823
0.00711746232796208
0.00556832912187632
0.0202839756592299
0.0395886608198197
0.0395886608198197
0.0395886608198198
0.00556832912187617
0.0395886608198198
0.0395886608198197
0.0395886608198197
0.0202839756592290
0.0395886608198198
0.0395886608198198
0.00556832912187615
0.00556832912187577
0.0395886608198197
0.0395886608198198
0.0587223438773783
0.0375101392458254
0.0587223438773782
0.0587223438773783
0.0375101392458255
0.0587223438773781
0.0375101392458255
0.0587223438773782
0.0375101392458253
0.0587223438773783
0.00556832912187632
0.0587223438773782
0.0375101392458251
0.0587223438773782
0.0587223438773782
0.00699300699300682
0.0360343925855416
0.0216271679001387
0.0297147342419614
0.0495829242758958
0.0495829242758958
0.0495829242758958
0.0316204440320108
0.0539387092659901
0.0351696129916938
0.0166927353263873
0.0135457092295718
0.0135457092295718
0.0135457092295718
0.0135457092295717
0.0135457092295717
0.0140900291398227
0.0639861726055440
0.0639861726055444
0.0102123193579473
0.0193853258987815
0.0193853258987814
0
0.00786636233872734
0.00786636233872761
0.0401470220105364
0.0124724871606751
0.0139923790272937
0.0139923790272937
0.0124724871606752
0.0309552559866127
0.0309552559866125
0.00780031201247899
0.0309552559866125
0.0124724871606751
0.0144187598581362
0.0124724871606752
0.0144187598581362
0.0144187598581362
0.0144187598581362
0.0261528418421047
0.0124724871606752
0.0144187598581361
0.0306026870338876
0.0191374407313141
0.0306026870338876
0.0191374407313141
0.0109925343764135
0.0535475570734150
0.0535475570734150
0.0191374407313145
0.0535475570734150
0.0456620282602848
0.0191374407313141
0.0456620282602848
0.0396926359766222
0.0456620282602848
0.00742879726744097
0.0456620282602848
0.0456620282602846
0.0456620282602846
0.0738929313450185
0.00729927007299269
0.0431866733772869
0.00869565217391300
0.0539154646625310
0.0340914905330705
0.0169504415547833
0
0.0454545454545455
0.0454545454545460
0.0175678703400381
0.00355871886120991
0.00736569563735998
0.0238539707070516
0.0216903920609374
0.0147464812585902
0.0169220311554838
0.0147464812585902
0.0174338750015153
0.0147464812585891
0.00612621363698600
0.0132125406339019
0.0147464812585903
0.0184049079754621
0.0262412756583976
0.0147464812585904
0.0209714304879746
0.0147464812585904
0.00948948912683016
0.0147464812585901
0.00617698336325862
0.0143279173740740
0.0147464812585904
0.0165244254345573
0.0147464812585902
0.0147464812585903
0.0139858466852737
0.0286314830705201
0.0219154605138554
0.0196603216256113
0.0162968601803052
0.0227180065982956
0.0140670714420290
0.0473759862642913
0.00984607448272232
0.0219480412262355
0.0103608525607992
0.0198577515856383
0.0316715395860860
0.0192370681672572
0.0291302037028240
0.0316715395860858
0.0132256496166307
0.0221188643782279
0.0163031052587111
0.0810191340068951
0.0259766539686269
0.0297633274296045
0.00734656396037978
0.0206195850340122
0.00281975785308930
0.0284699165266080
0.0354608972446235
0.0129039372155820
0.0941814571259466
0.133610054488841
0.0325296909131684
0.0593236329171847
0.0425955586000555
0
0
0.0814411017927963
0.0718232044198910
0.0676690075061469
0.0799999999999988
0.0572309726264133
0.0532921644930226
0.0691682176969881
0.255588480086122
0.255588480086121
0.0822422502192383
0.0822422502192382
0.0117647058823529
0.0453845124156376
0.0653868401226446
0.0406442340331692
0.00518134715025908
0.0299401197604788
0.0365744886820632
0.0512820512820512
0.00884468894262370
0.00656748866204793
0.00884468894262370
0.00884468894262370
0.00884468894262370
0.00884468894262628
0.00884468894262370
0.00884468894262370
0.00884468894262651
0.00884468894262370
0.00884468894262370
0.00884468894262371
0.00884468894262370
0.00884468894262659
0.00884468894262370
0.00884468894262370
0.137939184899100
0.00661227056247092
0.0462354780510832
0.0462354780510825
0.00661227056247087
0.0374007123080747
0.00201207243460754
0.00661227056247086
0.0374007123080749
0.0374007123080750
0.00661227056247082
0.0128695376762336
0.00661227056247085
0.0128695376762336
0.0128695376762336
0.00794542125670387
0.00661227056247086
0.0128695376762336
0.0128695376762337
0.0128695376762336
0.00661227056247081
0.0253412762181871
0.00661227056247088
0.0254050340546071
0.0681060184716933
0.0148376595698104
0.0299401197604790
0.0299401197604788
0.0444947858640093
0.00666666666666649
0.0306549724269910
0.0307723703264830
0.0176436010941336
0.00449010121477438
0.0176436010941337
0.00449010121477446
0.0176436010941342
0.00449010121477439
0.0176436010941340
0.00449010121477458
0.0176436010941339
0.00449010121477450
0.0176436010941341
0.00449010121477463
0.0176436010941334
0.0700691712007423
0.0109890109890110
0.00606060606060608
0.0278260274080732
0.0278260274080731
0.0454365803172081
0.0454365803172081
0.0391679468694584
0.0454365803172081
0.0391679468694584
0.0463452669812256
0.0463452669812256
0.0359545820942311
0.0463452669812254
0.0463452669812254
0.0123456790123457
0
0.00507614213197966
0.0463452669812254
0.0325845654054646
0.0463452669812254
0.0248451997499976
0.0463452669812253
0.0114942528735633
0.0202020202020202
0.0266285772932306
0.0463452669812254
0.0266285772932306
0.0208413368523930
0.0114327791784590
0.0215869404482600
0.0114327791784592
0.0299999999999998
0.0114327791784592
0.0175438596491227
0
0
0.0867886860115083
0.0909090909090912
0.0867886860115084
0
0
0.0683456464078453
0.102840825854235
0.0362194521854754
0.00583694096393149
0.00638275186809887
0.00558659217877095
0.00959307963149789
0.00959307963149758
0.00959307963149780
0.00959307963149794
0.00959307963149758
0.00959307963149779
0.00959307963149787
0.00959307963149772
0.00959307963149758
0.00959307963149780
0.00756525756021136
0.00756525756021164
0.00756525756021163
0.0651697461728123
0.113590032991471
0.119268602384853
0.0909431318217859
0.113590032991471
0.167435788614883
0.107034102514508
0.0875695072257684
0.151091192561231
0.0875695072257674
0.0797456594621996
0.0667542707342449
0.107034102514509
0.0667542707342449
0.0667542707342449
0.0667542707342449
0.0667542707342449
0.0875695072257675
0.0667542707342449
0.151091192561232
0.0797456594621995
0.165096772967987
0.0433902759772592
0.0875695072257674
0.0433902759772592
0.0433902759772592
0.0433902759772592
0.0433902759772591
0.218730440302584
0.0875695072257686
0.197552597550699
0.158772173240662
0.0433902759772592
0.0433902759772592
0.0433902759772592
0.0433902759772592
0.0875695072257682
0.158121334707787
0.158772173240662
0.256868860864816
0.119047619047620
0.158121334707788
0.168809750980638
0.0810217144344508
0.119047619047620
0.138688059803540
0.168809750980637
0.184332776623295
0.00523560209424080
0.00269888084422342
0.0416358210439606
0.0416358210439606
0.0416358210439606
0.00490196078431389
0.0416358210439606
0.0416358210439605
0.0769681858992313
0.00446320953592762
0.0769681858992318
0.0769681858992318
0.0769681858992318
0.00357124636962919
0.0465002844434805
0.0465002844434802
0.0465002844434803
0.0465002844434810
0.0465002844434795
0.0465002844434802
0.0465002844434793
0.0465002844434805
0.0367913395455515
0.0875849497714312
0.0465002844434804
0.0465002844434793
0.0465002844434787
0.0465002844434791
0.0465002844434803
0.0492178796703083
0.0133896286077830
0.00807199521902459
0.0133896286077831
0.00807199521902459
0.00862325342910434
0.00807199521902457
0.00807199521902458
0.00862325342910431
0.00807199521902458
0.00862325342910433
0.00807199521902458
0.00862325342910424
0.00862325342910421
0.00862325342910424
0.00862325342910431
0.0427334818941674
0.0183347382804036
0.0172640453230240
0.0183347382804041
0.0172640453230241
0.0183347382804040
0.0172640453230240
0.0183347382804044
0.0172640453230240
0.00588928150765611
0.0100272106614341
0.00588928150765610
0.00588928150765610
0.0252707581227440
0.00588928150765608
0.00588928150765610
0.0248125612546608
0.0248125612546604
0.0248125612546607
0.0444787481961981
0.0444787481961981
0.0444787481961981
0.0444787481961982
0.00393184796854526
0.0183253848791694
0.00393184796854525
0.0183253848791694
0.00393184796854526
0.0183253848791694
0.00393184796854523
0.0183253848791694
0.00892787371706300
0.0183253848791694
0.00892787371706300
0.0183253848791694
0.00892787371706299
0.0183253848791694
0.00892787371706300
0.0183253848791694
0.00892787371706299
0.00892787371706297
0.00641229490764799
0.00892787371706300
0.00641229490764790
0.00892787371706300
0.00641229490764791
0.00892787371706298
0.0289786915152413
0.0473613013619687
0.0473613013619688
0.0473613013619687
0.0473613013619695
0.0473613013619687
0.0473613013619690
0.0343401409871724
0.0343401409871722
0.0343401409871724
0.00768859216889060
0.00768859216889825
0.00768859216888991
0.00768859216889185
0.00272941050375767
0.00297103689574183
0.00297103689574183
0.00297103689574183
0.00272941050375768
0.0317712432200118
0.0317712432200121
0.0147058823529419
0.0317712432200121
0.0317712432200121
0.0159652559850346
0.0159652559850347
0.0185841699295798
0.0159652559850346
0.0192125289989201
0.0192125289989200
0.0192125289989200
0.0192125289989200
0.0445129787094321
0.0115493154779207
0.0115493154779207
0.0149071198499986
0.0149071198499986
0.0158001170187964
0.00713000899151969
0.0157785865656518
0.0158001170187969
0.00713000899151963
0.0119310101769159
0.0158001170187969
0.0158001170187967
0.0157785865656517
0.00713000899151970
0.0158001170187969
0.0119310101769159
0.0157785865656517
0.00713000899151970
0.0158001170187967
0.0119310101769159
0.0157785865656516
0.0158001170187969
0.00713000899151981
0.0157785865656517
0.0158001170187966
0.00713000899151981
0.0119310101769159
0.106479427499990
0.0157785865656519
0.0119310101769159
0.00713000899151967
0.00930403659456013
0.0119310101769159
0.0157785865656518
0.00713000899151968
0.0707106781186547
0.0212958854999978
0.0129870129870131
0.0157785865656515
0.00713000899151975
0.0129870129870130
0.00326275101104756
0.00326275101104755
0.00326275101104754
0.00326275101104755
0.00326275101104756
0.00326275101104762
0.00326275101104755
0.00326275101104760
0.00326275101104756
0.00326275101104753
0.00326275101104756
0.0329071744828511
0
0.359726080754646
0
0
0
0.0329071744828511
0.0351150871045003
0.0351150871045003
0.0351150871045002
0.0411925227785432
0.0763862534720147
0.0637412830092234
0.0396073313937349
0.0293691854745397
0.0293691854745408
0.00790569415042085
0.0274013135956140
0.00790569415042084
0.0274013135956140
0.0274013135956135
0.0274013135956135
0.0461449729736913
0.0461449729736903
0.00934579439252313
0.0192810228634437
0.0158900400266639
0.00394632991318066
0.0293134250037723
0.0185057209867167
0.00394632991318056
0.0844075720154184
0.0138886209782594
0.0844075720154183
0.00394632991318069
0.0138886209782593
0.00455410993380809
0.00394632991318063
0.00724637681159396
0.00455410993380823
0.00394632991318067
0.0317030776691502
0.00809664253267066
0.0187904872058811
0.0127166130445409
0.0142422603758992
0.00466412634243152
0.00619409412049824
0.0161568291549069
0.00900580061523540
0.00420757363253831
0.0124420303067372
0.0261697111813971
0.0119945152211045
0.00959692898272477
0.0261697111813959
0.0119945152211045
0.0142829678251889
0.0214496206818764
0.0135501355013546
0.00798812966304496
0.0242504091818851
0.00798812966304518
0.0208586071146471
0.0208586071146471
0.0208586071146475
0.0208586071146472
0.0208586071146471
0.0147102930433887
0.0147102930433884
0.0147102930433884
0.0147102930433885
0.0147102930433882
0.0135524403357199
0.0170247575068685
0.0135524403357204
0.0170247575068684
0.0170247575068684
0.0170247575068685
0.0135524403357204
0.0170247575068681
0.0135524403357204
0.0170247575068683
0.0135524403357204
0.0170247575068684
0.0170247575068683
0.0170247575068686
0.0135524403357205
0.0170247575068686
0.00993912254803164
0.00993912254803155
0.00993912254803156
0.00993912254803156
0.00993912254803157
0.00993912254803174
0.00993912254803177
0.00993912254803164
0.00833060679199458
0.00833060679199478
0.00833060679199386
0.00833060679199414
0.00833060679199398
0.00833060679199460
0.00712589073634210
0.00712589073634262
0.0696527542313416
0.0603504780519948
0.00800173076840201
0.0149088779165827
0.0104756560175782
0.0112137505679728
0.0113682762248643
0.00934097716037750
0.00934097716037749
0.00934097716037748
0.0208044582905818
0.0119510307988913
0.0293853262333244
0.0293853262333244
0.0293853262333244
0.0191898026435050
0.0191898026435054
0.00777080058749568
0.00777080058749568
0.00777080058749568
0.00777080058749568
0.0215581335727606
0.0288660984893338
0.0509530998693122
0.0103986291350964
0.0166723368641933
0.0390603784662261
0.00390666729937306
0.0137896509217977
0.0562498931294082
0.00785674201318368
0.0242159856570729
0.0219602615289467
0.0216060148881045
0.0536903442084761
0.0306065840619850
0.0609154546926095
0.0152132965209451
0.0182217246713918
0.0284352112111567
0.0162968601803067
0.0320693051169349
0.0162968601803071
0.0968044181684192
0.0968044181684200
0
0.0968044181684201
0
0.0968044181684199
0.0968044181684204
0.0968044181684200
0
0
0
0.0968044181684195
0.0968044181684203
0
0.0968044181684197
0.0968044181684196
0.0968044181684205
0.0968044181684204
0
0
0.0968044181684203
0.0968044181684204
0.0968044181684203
0
0.0968044181684202
0
0.0968044181684201
0
0
0.0968044181684198
0
0
0
0
0
0
0.00733137041803210
0.00297103689574180
0.0216254156431314
0.0891490020506565
0.0393916972670986
0.0126211079975007
0.125134820927028
0.125134820927028
0.125134820927028
0.125134820927028
0.125134820927028
0.0935680569556396
0.0935680569556396
0.0935680569556396
0.0935680569556396
0.0185173203974593
0.0211234491801592
0.0211234491801592
0.00679910366525509
0.0525948877955095
0.0301169300968396
0.0154502780204663
0.00887198986058353
0.00887198986058350
0.0275162380487988
0.0192307692307690
0.0192307692307692
0.0192307692307698
0.0199747678301280
0.00806869985443779
0.0201985904144611
0.0176742709581581
0.0108022607608688
0.0289384625659697
0.00982092751647941
0.0196146313815771
0.0196146313815777
0.0116562672995153
0.0116562672995152
0.0168947869061563
0.0249922418022483
0.0211868095229512
0.00918799933903553
0.00795478863275001
0.00918799933903556
0.0211868095229513
0.00795478863275002
0.00918799933903554
0.00795478863275001
0.0249922418022481
0.0161477024492952
0.00918799933903551
0.00795478863275001
0.0249922418022482
0.0161477024492952
0.00918799933903547
0.00795478863275001
0.0161477024492952
0.0100200400801603
0.00918799933903559
0.00918799933903549
0.0161477024492953
0.0165121557630160
0.0165121557630162
0.0316709286558562
0.0161477024492952
0.0100200400801604
0.0603048488573248
0.0603048488573259
0.0603048488573262
0.0603048488573255
0.101536253492785
0.193983134397298
0.193983134397296
0.0629815498763856
0.0182516810758884
0.0629815498763855
0.0182516810758885
0.0182516810758885
0.0400960648748855
0.0182516810758886
0.0182516810758886
0.0835900584367923
0.0182516810758885
0.0182516810758884
0.0534567852187307
0.0189511697825659
0.0189511697825659
0.0400960648748829
0.0400960648748825
0.0189511697825659
0.0178316086818198
0.0189511697825658
0.160338354941366
0.0215901273979886
0.0189511697825659
0.0220264317180613
0.0178316086818192
0.00905290679149710
0.0849674302000896
0.00905290679149711
0.0271168572705834
0.0178316086818199
0.0271168572705832
0.0455269599427926
0.0455269599427923
0.0420709341362056
0.0271168572705836
0.0271168572705835
0.0473372615022334
0.0409806607358404
0.0250749931055623
0.0409806607358404
0.0409806607358404
0.0632552855344563
0.0473372615022303
0.0409806607358404
0.0409806607358401
0.00749855810822455
0.0393251450479716
0.0217311529603717
0.00749855810822455
0.0393251450479715
0.0393251450479716
0.0393251450479715
0.0393251450479713
0.0183378082853406
0.0185873605947958
0.0212928843243629
0.0212928843243629
0.0202061597701710
0.0213348096803041
0.0212928843243629
0.0327911222739086
0.0422160985558122
0.0327911222739084
0.0327911222739084
0.00815020015507308
0.0327911222739087
0.0980392156862743
0.0980392156862742
0.00891436977900837
0.0126964688949583
0.0333919156414763
0.0133921738861089
0.0175224038267793
0.0347222222222222
0.0127521227050277
0.0204779900144289
0.00926876934566578
0.0347366595159106
0.0350404312668464
0.0114416475972540
0.0353951120742870
0.0341160235259695
0.0434461691487694
0.0437666620298581
0.0353951120742870
0.0437666620298581
0.0341160235259695
0.0434461691487695
0.0437666620298581
0.0353951120742870
0.0341160235259695
0.0434461691487695
0.0437666620298581
0.0353951120742870
0.0341160235259695
0.0434461691487696
0.0437666620298580
0.0341160235259695
0.0353951120742870
0.0434461691487699
0.0341160235259694
0.0434461691487695
0.0353951120742870
0.0341160235259695
0.0884839026466551
0.128564869306644
0.0262052845418236
0.0509242844596070
0.0262052845418237
0.0509242844596068
0.00667482978358146
0.0509242844596069
0.0262052845418236
0.0509242844596066
0.0509242844596068
0.0176991150442479
0.0262052845418237
0.0509242844596067
0.00706713780918733
0.0262052845418236
0.0450319119473654
0.00706713780918732
0.0106157112526542
0.0450319119473653
0.00414562340810969
0.0450319119473653
0.0450319119473654
0.0139037433155082
0.0450319119473654
0.00414562340810975
0.00414562340810969
0.0450319119473654
0.0139037433155084
0.0450319119473653
0.0450319119473654
0.00414562340810975
0.0114908418173646
0.0114908418173647
0.00552845744784682
0.0423586221451763
0.0265090918023308
0.107582138281279
0.388730126323020
0.129073828688709
0.0441941738241593
0
0.0447282413473053
0.0205143851146772
0.0307021938833175
0.0333741489179073
0.0526315789473686
0.0344528345513027
0.0152113467857129
0.0307021938833215
0.0338983050847457
0.0576858039408367
0.0407946219915314
0.0133416373808783
0.00952380952380950
0.00648721817602370
0.0103385671894417
0.0678306002856743
0.0103385671894418
0.0103385671894419
0.0157134840263690
0.0103385671894417
0.0103385671894420
0.0114511219625353
0.0218874350291628
0.0218874350291630
0.0250385505240552
0.00903646936206552
0.0382233842307652
0.0132158590308369
0.0166647340131905
0.0391022715689529
0.0361295435642765
0.0126929551764404
0.00398406374501992
0.0165586571309948
0.0267913148009740
0.00667482978358110
0.0509006886204967
0.0418739321629172
0.0190114068441071
0.0187727464031829
0.0245718230345251
0.00826446280991726
0.0300975929464746
0.00728394197063427
0.00728394197063426
0.693303254533920
0.375514614132140
0.150249412429235
0.542833626547550
0.627754153446786
0.333133664276268
0.0416880053730621
0.100937416750715
0.0642504863794820
0.194289712269968
0.130049808157286
0.106000299166932
0.0178797855658590
0.0178797855658591
0.0178797855658592
0
0.0178797855658591
0
0
0.0178797855658590
0
0.0178797855658589
0
0
0.0178797855658591
0.0178797855658591
0.0178797855658591
0.00681903248363274
0.00752884840909022
0.00752884840909023
0.00681903248363270
0.00752884840909024
0.00681903248363269
0.00900900900900901
0.00900900900900897
0.00681903248363271
0.00900900900900898
0.00900900900900900
0.00681903248363273
0.00787401574803148
0.00787401574803148
0.00681903248363270
0.00787401574803148
0.00681903248363269
0.00787401574803148
0.0480740170061865
0.0480740170061864
0.00681903248363273
0.0480740170061864
0.00681903248363272
0.0262253880059917
0.0262253880059917
0.00681903248363272
0.0262253880059916
0.0262253880059917
0.00681903248363265
0.0262253880059916
0.00681903248363269
0.0357796906823413
0.0629413071899135
0.0471511357690195
0.0322234037141893
0.0276662565131472
0.0380164936121804
0.0151402442170152
0.0118603660377107
0.0555885752051626
0.0210173131459150
0.00364317702784357
0.0118603660377107
0.0151402442170152
0.0790569415042093
0.0210173131459150
0.0266918281597594
0.0129870129870125
0.00364317702784370
0.0118603660377106
0.0151402442170152
0.0210173131459150
0.0266918281597593
0.00364317702784378
0.0545382433536535
0.0151402442170152
0.0210173131459148
0.00962176037890712
0.0199185008784944
0.0322722754024859
0.0322722754024859
0.0151402442170152
0.0160479304196312
0.0148351647579467
0.0160479304196314
0.0151402442170152
0.00962176037890686
0.0209205020920500
0.0160479304196313
0.0160479304196312
0.0294663880428345
0.00962176037890684
0.0151402442170152
0.0210173131459150
0.0210173131459150
0.0294663880428345
0.00962176037890701
0.00962176037890686
0.0107928483912969
0.0107928483912969
0.0493330312455732
0.0574712643678161
0.00716688454326823
0.00716688454326863
0.0147627296398402
0.0147627296398402
0.0147627296398402
0.0147627296398395
0.0266198568749977
0.00605980481707251
0.0147282385721506
0.0224275011359462
0.0693069306930707
0.0288969811766981
0.0208707413995421
0.0208707413995419
0.00435142634576362
0.00497512437810952
0.0208707413995422
0.00435142634576357
0.00357124636962897
0.0208707413995422
0.0329670329670348
0.00653594771241828
0.0230578298213006
0.0230578298213008
0.00662251655629124
0.0360764022043801
0.0149071198499984
0.0459098760929774
0.0140484790964211
0.0212765957446806
0.0209205020920500
0.0223450821872797
0.0484981976406656
0.00777040418886315
0.00777040418886327
0.0276243093922651
0.0276243093922656
0.0367647058823534
0.0136986301369860
0.0462490605754979
0.0462490605754979
0.0300816319843022
0.0481792909815608
0.0471477061304021
0.0259203086899049
0.0611110385671867
0.0333333333333333
0.0372112834550857
0.0291466576346851
0.0372112834550855
0.0372112834550846
0.0372112834550853
0.00624956059321830
0.0291466576346853
0.00624956059321834
0.0125628964301884
0.0560331814680524
0.0560331814680524
0.0137490333050799
0.0175441555345335
0.0175441555345334
0.0301717130981816
0.0301717130981822
0.0301717130981818
0.00560687528398663
0.00560687528398642
0.0106833704735414
0.0193050193050216
0.0231122953095903
0.0231122953095903
0.0462490605754979
0.0462490605754979
0.0105118112987296
0.0274721127897379
0.0204757958457274
0.0110394964252233
0.0130672630585463
0.0132575743588994
0.0110394964252233
0.0265745947381892
0.00655738409824014
0.00987822267250433
0.0217207386940679
0.00561195858084602
0.00987822267250440
0.0230754403059699
0.0292109198004425
0.0230754403059703
0.0276718498363616
0.0117071621858622
0.0230754403059706
0.00363108206245481
0.0241476023488088
0.0146173688736023
0.00363108206245474
0.00853645057063754
0.0146173688736021
0.00363108206245465
0.0177733993120731
0.0146173688736023
0.00363108206245473
0.0181318680374911
0.0146173688736021
0.00363108206245474
0.00869565217391270
0.0106674048401507
0.0145152690219259
0.0141421356237307
0.00452488687782804
0.0145152690219257
0.0353305437824385
0.0159995233316450
0.00747848821906273
0.0235375576578925
0.0129744363520461
0.0201740578934177
0.0210896312672302
0.0160246723353951
0.00664344046253908
0.00968639426282907
0.0240414322193450
0.0107238605898123
0.0162882203585591
0.0156772230162325
0.00854700854700855
0.0601351808047210
0.0147878157908380
0.0208978315654186
0.116308105660129
0.0276497695852535
0.0106833704735418
0.0300847195929302
0.0290398438636336
0.116308105660129
0.0188679245283019
0.0505836575875486
0.0243572741640440
0.0364286826246681
0.0364286826246670
0.00672232483018127
0.00672232483018126
0.00672232483018127
0.00672232483018127
0.00672232483018127
0.00672232483018127
0.00672232483018127
0.0714896904734507
0.0640208436902768
0.0336743174406107
0.0758753192885426
0.0949410142828093
0.111569087010244
0.0117811800711265
0.0873118490582251
0.0269299415241994
0.0269299415241995
0.0147421340654486
0.0117811800711263
0.00288184438040336
0.0269299415241994
0.0117811800711265
0.0147421340654486
0.0117811800711264
0.0117811800711265
0.0269299415241995
0.0117811800711263
0.0545382433536534
0.0147421340654486
0.0269299415241995
0.0117811800711263
0.00512396218251142
0.0147421340654486
0.0157593294455278
0.00512396218251141
0.00798534844632926
0.0147421340654486
0.0157593294455278
0.0157593294455278
0.00798534844632926
0.00512396218251140
0.0157593294455278
0.0147421340654486
0.00798534844632926
0.0157593294455278
0.0294117647058823
0.00798534844632926
0.0157593294455278
0.00798534844632926
0.0294117647058829
0.00798534844632926
0.0196920627226453
0.00798534844632926
0.0196920627226454
0.0196920627226454
0.0196920627226452
0.0196920627226454
0.0196920627226454
0.0406079449161294
0.0406079449161293
0.0311705203576433
0.0990897327156313
0.0311705203576413
0.0199180449749718
0.0311705203576412
0.0427394032312251
0.0346677205813909
0.0311705203576413
0.0167224080267554
0.0311705203576403
0.0107560464631576
0.0311705203576406
0.0268369448083836
0.00784585255263082
0.0201086526191148
0
0.0185873605947960
0.0232840881361195
0.0556324490948574
0.0221696500590991
0.0221696500590990
0.0221696500590990
0.0221696500590989
0.0221696500590991
0.0221696500590990
0.0221696500590989
0.0221696500590989
0.0221696500590991
0.0221696500590990
0.0526758214214131
0.0138885585903386
0.0209205020920506
0.0435388153287852
0.0447235788575004
0.0447235788575002
0.0435388153287849
0.0442477876106195
0.124193211742332
0.0442477876106194
0.124193211742332
0.124193211742332
0.0447235788575002
0.124193211742332
0.0749671345133114
0.124193211742332
0.124193211742332
0.0749671345133112
0.0435388153287849
0.124193211742332
0.0749671345133112
0.124193211742332
0.0749671345133113
0.0749671345133113
0.125216825835118
0.125216825835118
0.0149983801781498
0.0749671345133112
0.125216825835118
0.125216825835118
0.0905871657112198
0.125216825835118
0.0905871657112197
0.125216825835118
0.0435388153287850
0.0149983801781494
0.125216825835118
0.0495392003681312
0.135311520138970
0.0495392003681312
0.135311520138969
0.135311520138970
0.0495392003681312
0.135311520138970
0.0495392003681312
0.169005721851541
0.0495392003681312
0.0153446102495924
0.169005721851541
0.0435388153287850
0.0495392003681312
0.169005721851541
0.0495392003681312
0.169005721851541
0.169005721851541
0.0495392003681312
0.0495392003681312
0.169005721851541
0.169005721851541
0.0495392003681312
0.00586894482283409
0.0435388153287850
0.0224354646571879
0.0367495266812997
0.00656727415504119
0.0545454545454546
0.0221332986016227
0.00836898143501301
0.00836898143501528
0.0231316813672023
0.0567588527072574
0.117431030541277
0.0175678786052471
0.00893298774058864
0.0954233921155754
0.0954233921155754
0.0954233921155754
0.0954233921155755
0.0954233921155756
0.0954233921155754
0.0954233921155754
0.0954233921155755
0.0954233921155754
0.0954233921155754
0.0954233921155754
0.0954233921155755
0.0954233921155755
0.0954233921155755
0.0954233921155756
0.0954233921155755
0.0954233921155754
0.0954233921155754
0.0954233921155754
0.0954233921155754
0.0954233921155754
0.0954233921155755
0.0954233921155755
0.0954233921155754
0.0954233921155754
0.0954233921155755
0.0954233921155754
0.0954233921155755
0.0954233921155756
0.0954233921155755
0.0954233921155755
0.0954233921155755
0.0954233921155755
0.0954233921155755
0.0954233921155754
0.0954233921155755
0.0954233921155756
0.0954233921155754
0.0954233921155754
0.0954233921155755
0.0954233921155754
0.0954233921155754
0.0954233921155754
0.0954233921155754
0.0954233921155754
0.0954233921155754
0.0954233921155754
0.0954233921155754
0.0954233921155754
0.0954233921155754
0.0954233921155754
0.0954233921155754
0.0954233921155754
0.0954233921155754
0.0954233921155754
0.0954233921155754
0.0954233921155754
0.0954233921155754
0.0954233921155755
0.0954233921155755
0.0954233921155755
0.0954233921155754
0.0954233921155754
0.0954233921155754
0.0954233921155756
0.0954233921155754
0.0954233921155756
0.0954233921155754
0.0954233921155755
0.0954233921155754
0.0954233921155755
0.0954233921155755
0.114416597110753
0.121254834293223
0.121254834293223
0.00738750839489580
0.00738750839489588
0.00738750839489591
0.0430254877395901
0.00738750839489588
0.0430254877395901
0.0430254877395901
0.0430254877395901
0.00738750839489592
0.0430254877395901
0.0430254877395901
0.00738750839489592
0.0430254877395901
0.00738750839489590
0.00738750839489594
0.00738750839489590
0.00738750839489597
0.0317172762765928
0.0935950304383025
0.0343997893550212
0.0297522917521243
0.0238907849829352
0.0845828016111539
0.0975609756097561
0.0581183655769765
0.0816456559528250
0.0460422654399462
0.0718253095455044
0.0973066261274299
0.0973066261274264
0.0973066261274303
0.0973066261274303
0.0973066261274309
0.105733423280338
0.105733423280340
0.105733423280340
0.105733423280340
0.0155273353397754
0.0126582278481007
0.0181309431073469
0.0181309431073477
0.0180828325132543
0.0233952405011462
0.0153566814253309
0.0677907680683316
0.00122975092380271
0.0108202529546906
0.00614875461901359
0.0199648926562475
0.0198675496688737
0.00922394994545301
0.00875178484230434
0.0140032466254650
0.0811867780214338
0.0833333333333335
0.0467269313515999
0.0793309698527482
0.0316674779233307
0.0708197154665665
0.0480740170061865
0.0166920450275332
0.00938637320159134
0.00577230025458406
0.0102739726027397
0.0839624343464595
0.0602195819847597
0.0470914127423823
0.0855629759283706
0.0216060148881050
0.0862325342910424
0.0703057852339862
0.104950363729995
0.0420835430060431
0.0348272278017920
0.0154211584655158
0.0596268512670974
0.0442517641382861
0.0887923570828393
0.0261661817265929
0.114072106874336
0.0286953321557487
0.0755705793557203
0.113649738124549
0.0195904008208984
0.0391402830329685
0.00862325342910434
0.0103044607258056
0.0117647058823529
0.0819672131147537
0.0136986301369862
0.0154211584655160
0.0175541627249293
0.0689945002814642
0.00584795321637433
0
0.0381917591807773
0.0141421356237308
0.0381917591807772
0.0288615012729205
0.0134529147982063
0.0134529147982062
0.0134529147982062
0.0236277647137739
0.0134529147982063
0.0134529147982062
0.0134529147982061
0.0128547872364566
0.0134529147982061
0.0175541627249249
0.0760329872243593
0.0114049480836540
0.0743159382519605
0.0475759144148892
0.103917354508510
0.0612131681239685
0.0328119219525803
0.0156449872764692
0.0404690931588958
0.00329876603427629
0.0315178191504127
0.0314303994812280
0.0558242195673590
0.0288824199364861
0.00817464486920864
0.0253469608132233
0.0267933093513093
0.0265549853521970
0.0131327745379399
0.0159968725014306
0.0421016983211258
0.0514510519212353
0.0583626660360303
0.0198795980538328
0.0330899303756814
0.0491599460021920
0.0462250163521024
0.0585256839453146
0.0325741047913547
0.0328745713945263
0.0634812846033697
0.291899681403124
0.291899681403114
0.426768697919010
0.334220142746907
0.449856733524353
0.449856733524361
0.200290211405525
0.0604342696621565
0.225992620144693
0.447441294570477
0.166153855745640
0.0283214385056084
0.0312009485232521
0.0701662933879536
0.295205613095042
0.252163944102759
0.324891540428265
0.0422608488311335
0.0422608488311334
0.0422608488311334
0.0422608488311333
0.0422608488311333
0.0422608488311335
0.0422608488311334
0.0422608488311333
0.0259067357512953
0.0918590218713611
0.0326008006202926
0.0453864414829314
0.132235205541064
0.0414086662499961
0.0170692212022885
0.0376120628290717
0.00807244757220141
0.0295074849651283
0.0168711759908376
0.00851500329632207
0.00851500329632106
0.0250747085527145
0.0434782608695652
0.0257663387901172
0.0259067357512953
0.0213632415835112
0.0176068344685023
0.0321736399640256
0.00170940170940170
0.00170940170940170
0.0179873763059317
0.0179873763059318
0.00170940170940170
0.0179873763059318
0.0181818181818183
0.00751879699248114
0.0164131529407493
0.0248451997499974
0.0164131529407495
0.0322262417007878
0.0164131529407493
0.0164131529407493
0.0322262417007882
0.0164131529407495
0.0245071540697933
0.0245071540697933
0.00710624193296277
0.0245071540697934
0.0245071540697933
0.00710624193296274
0.00710624193296274
0.00710624193296273
0.00710624193296273
0.136498250055215
0.0110957110883101
0.0139483023916921
0.0617507699585429
0.00476128125068704
0.00476128125068705
0.00476128125068709
0.00476128125068703
0.0638297872340426
0.0638297872340426
0.00476128125068704
0.0638297872340426
0.0638297872340426
0.0638297872340426
0.0638297872340426
0.0638297872340426
0.0638297872340426
0.0638297872340426
0.00476128125068707
0.0116632499771090
0.0116632499771090
0.0116632499771090
0.0116632499771090
0.0116632499771090
0.00476128125068705
0.0116632499771090
0.0116632499771090
0.0116632499771090
0.0116632499771090
0.0116632499771090
0.0128311433290535
0.0128311433290535
0.0128311433290534
0.0578912156067618
0.0578912156067619
0.0578912156067623
0.0578912156067623
0.0578912156067623
0.0282618207517178
0.0282618207517175
0.0282618207517178
0.0282618207517178
0.0282618207517178
0.0282618207517177
0.0282618207517178
0.0282618207517178
0.0282618207517178
0.0282618207517177
0.0282618207517178
0.0282618207517178
0.0282618207517178
0.171039345541486
0.0889873923653261
0.0431922362581133
0.0558500569701115
0.0240315374643282
0.0283638825960071
0.0490556779807601
0.0164700975472835
0.00358048786044090
0.00555425095503053
0.0434797796469802
0.0103742396764609
0.0412592047582089
0.0235464658765983
0.0216620716817645
0.0224651423825550
0.00988748721445619
0.0152936636159887
0.0142879742971233
0.0733903717349811
0.00813008130081301
0.00862068965517241
0.0213430264220990
0.0247349823321555
0.0147143127688448
0.0116562124765587
0.0147143127688445
0.0116562124765588
0.0249908074375436
0.0147143127688447
0.0116562124765587
0.0147143127688447
0.0249908074375438
0.00986812453892113
0.0249908074375440
0.0147143127688446
0.00986812453892118
0.0249908074375438
0.00986812453892120
0.0392436292277306
0.0249908074375437
0.00986812453892115
0.0150150150150150
0.0120791536746332
0.0288084930850625
0.0120791536746332
0.0216461259546903
0.0288084930850627
0.0120791536746332
0.00909090909090911
0.0120791536746333
0.0291604968056047
0.00909090909090900
0.00818953917815347
0.0291604968056045
0.00818953917815347
0.0291604968056048
0.00818953917815346
0.0195212052016922
0.0118841475829676
0.0442618955121357
0.0309916787543297
0.0163934426229508
0.0442618955121356
0.0442618955121357
0.0442618955121354
0.0442618955121355
0.0442618955121356
0.108599390591678
0.0442618955121356
0.108599390591677
0.0232616211320270
0.0442618955121356
0.0442618955121356
0.0442618955121355
0.0442618955121355
0.0390336055922660
0.199975533901920
1
0.217577557699851
0
0.0122437509393000
0.00777119704679991
0.0110797131699421
0.0340833215641424
0.00896075548650274
0.0277777777777778
0.0278970856342510
0.0103044607258055
0.0121914962273543
0.0878410461157883
0.0118882618803323
0.0125269914705871
0.0248731028558082
0.0194335389629518
0.0350169882269021
0.0142205358131897
0.0338689610511604
0.0432842462783704
0.0126864788480543
0.0244361957520421
0.00724637681159420
0.0165652042467196
0.0670870668187585
0.00715447434427235
0.0220743196054599
0.0137741046831956
0.0224297046052469
0.0182459725197813
0.0152232548404454
0.0236688267535929
0.0235119028017956
0.0156667562943554
0.0109076486707307
0.0195771844000080
0.00671303906189760
0.0130672630585470
0.0110151131896541
0.0180421613645653
0.0194690265486726
0.0565186058141520
0.00248107642521596
0.0152754156394466
0.0223085516944028
0.0455635057677879
0.00329317817010278
0.00344540520415992
0.0276810261949830
0.0239395518465056
0.0252091505410742
0.00982092751647983
0.0324095505141128
0.00804289544235925
0.0434187956796076
0.0463270295013220
0.0136986301369863
0.00299339756024068
0.00760329872243600
0.0163216640693430
0.0137746262962182
0.0456398895628354
0.0456398895628354
0.0137746262962182
0.0304116517536189
0.0304116517536206
0.0120868539324309
0.0173751519789470
0.0390747193805113
0.00305891652188759
0.0288461538461534
0.00305891652188772
0.00947840373705229
0.00673435029701455
0.00673435029701475
0.0436174150576817
0.0257580119753964
0.0436174150576773
0.0599072011015763
0.00241764347107676
0.00697398699316004
0.0136139429225761
0.0118032859110950
0
0.0117851130197758
0
0.0197628458498011
0
0.0358530923966749
0.0628143395713756
0
0.0600278602437269
0
0
0.160220994475139
0
0.0364533366903857
0
0
0
0.0137182084509192
0.0544183089142515
0.00829763452563224
0.0277412868306498
0.0309436160684982
0.0277412868306497
0.0224704348890990
0.00481382012745488
0.0170879207367956
0.0141819788422460
0.0284889879294452
0.00411522633744853
0
0
0.0197642353760526
0.0409087445081013
0.00389443061597131
0.0214319614456853
0.0853461060114426
0
0.0215426345442876
0
0.0107574251341613
0.0153275302067583
0.0106648711168502
0.0109455115169794
0.0321412173266604
0.0126988779338162
0.0220445227045930
0.0134538773445732
0.00390666729937319
0.00707444666704232
0.141421356237309
0.0263523138347365
0.0153367379819237
0.0132743362831868
0.0126413529825414
0.0252780709271577
0.0158834857949948
0.00284900284900285
0.0227501989940171
0.0199068092550581
0.0255712856415886
0.0159652559850347
0.0160706086633306
0.0241395241234227
0.0126269068069026
0.0270270270270270
0.0178489421022410
0.0391122334294636
0.0391122334294639
0.0310007941775772
0.0242159856570727
0.0287658553478493
0.0287658553478493
0.00242130750605323
0.00242130750605320
0.0209698888611693
0.0209698888611703
0.0209698888611694
0.0209698888611700
0.0192764480818953
0.0396999923151140
0.0396999923151099
0.0151039624258932
0.0184022843458940
0.0108274813076997
0.0232495277487639
0.0135140070947367
0.0225865452272706
0.0308987960759772
0.0764222159688509
0.0327369650037060
0.0374007123080747
0.00794542125670447
0.0287213222968626
0.0110151131896541
0.0305447111341757
0.0693787622798898
0.0327030243564420
0.0162218465760534
0.0329273731626475
0.0665191846853484
0.0313307369573945
0.0124688279301744
0.0254102050739303
0.00428549564355480
0.0156368390034949
0.0254102050739304
0.00779117762195027
0.0254102050739305
0.0103906376814525
0.0206771343788834
0.00552115549999982
0.0463407268725167
0.0542127588830399
0
0.0691536420127678
0.0496531648024034
0.158710877613157
0.300462606288666
0.481169734531460
0.00523782800878924
0
0.00342237842009565
0.647674499268496
0.0285585690569472
0
0.231719417806161
0.618738161985175
0.00846995446022648
0.0303733288584054
0.0533381676414476
0.0324863559329033
0.00580796877272679
0.00580796877272680
0.0315789473684208
0.0276057774999971
0.0391014784865575
0.0172413793103450
0.0720802959334695
0.0195063939637665
0.0534949715123427
0.0159995233316471
0.0159995233316471
0.283020044659406
0.209330712540571
0.0911201531867766
0.0425433778815810
0.0173751519789469
0.0815106798505891
0.0815106798505889
0.0815106798505890
0.0194894663538592
0.0815106798505893
0.0815106798505891
0.0125944584382867
0.0222870574357710
0.0340179651826942
0.0579049979261771
0.0164835164835171
0.0293134250037721
0.0839159685317705
0.0537634408602150
0.0434011118486069
0.0839159685317705
0.0537634408602151
0.0537634408602150
0.0839159685317705
0.0537634408602150
0.0277777777777777
0.0537634408602150
0.0839159685317705
0.0114575277542333
0.0839159685317705
0.0537634408602150
0.0277777777777777
0.0536329476234947
0.0811967937873026
0.0292340915031507
0.0536329476234947
0.0811967937873026
0.0536329476234947
0.0811967937873026
0.0536329476234947
0.0811967937873026
0.0292340915031508
0.0536329476234947
0.0811967937873026
0.0536329476234947
0.0292340915031507
0.0811967937873025
0.0536329476234946
0.0811967937873025
0.0162162162162162
0.0917563024802881
0.0162162162162162
0.0917563024802881
0.0917563024802881
0.0268726409041134
0.0411575815068747
0.0203693311452915
0.0386060334817900
0.0444251916059561
0.0543928293220421
0.0545410923120355
0.0200000000000000
0.0315627786567276
0.0391014784865575
0.0423633049049060
0.0115493154779213
0.0662794128691902
0.0130415620572853
0.0523833949045766
0.0187734668335403
0.00831890330807699
0.0118515282415566
0.0340303956422313
0.0442812853328453
0.0382499168624505
0.0351350554369055
0.0363802909128936
0.0182143514544161
0.0363802909128937
0.0443022733658576
0.0363802909128984
0.0345941045213132
0.0647559695691555
0.0565137552191429
0.0985294366502806
0.0551404740149910
0.0315902303421789
0.0266993191343263
0.0984363021354896
0.0819261090250955
0.0984363021354896
0.0984363021354897
0.0303030303030308
0.0574213909188377
0.0475759144148889
0.0574213909188377
0.0359712230215829
0.0574213909188374
0.0812353483460029
0.115942028985508
0.0890539664555192
0.0688507982519655
0.0448763733927881
0.0177656048324064
0.0890539664555193
0.0890539664555181
0.0381769039409043
0.0626181954317960
0.0370370370370368
0.0288282584374322
0.0423098505881328
0.0844716679964606
0.00366300366300365
0.0844716679964606
0.0844716679964606
0.0132655315932288
0.0349536741050252
0.0280063457880561
0.0644257512325699
0.0280063457880519
0.0280063457880561
0.0287479787288032
0.0117444666953211
0.00326433281386771
0.00494970663339551
0.0180941187329470
0.00638150668223801
0.0219941112540969
0.0123537116416225
0.0320512468783880
0.0320512468783880
0.0320512468783880
0.0320512468783880
0.0200044627091716
0.0115419607087233
0.0320512468783880
0.0320512468783880
0.0320512468783880
0.0200044627091716
0.0320512468783880
0.0320512468783880
0.0115419607087237
0.0320512468783881
0.0200044627091716
0.0320512468783881
0.0320512468783880
0.0320512468783880
0.0200044627091716
0.0200044627091716
0.0115419607087236
0.0200044627091716
0.0345905726089379
0.0345905726089378
0.0200044627091716
0.0345905726089378
0.0345905726089378
0.0200044627091716
0.0286089731718198
0.0345905726089378
0.0345905726089378
0.0200044627091716
0.0345905726089379
0.0345905726089379
0.0286089731718199
0.0200044627091716
0.0200044627091716
0.0345905726089378
0.0200044627091716
0.0345905726089378
0.0345905726089378
0.0200044627091716
0.0286089731718195
0.0345905726089378
0.0345905726089378
0.0193353071179826
0.0345905726089378
0.0193353071179827
0.0193353071179826
0.0193353071179825
0.0202746511975622
0.0318350100016944
0.0202746511975622
0.0193353071179827
0.0193353071179826
0.0202746511975622
0.0202746511975622
0.0193353071179826
0.0202746511975622
0.0193353071179825
0.0202746511975622
0.0128205128205128
0.0202746511975622
0.0202746511975622
0.0193353071179825
0.0140633206132060
0.0202746511975622
0.0202746511975622
0.0202746511975622
0.0202746511975622
0.0293808001825500
0.0190082468060899
0.0108929041554798
0.0632552855344563
0.0187065286028195
0.0113505988705570
0.0487659849094171
0.0403801582724584
0.0123456790123452
0.0403801582724590
0.0392292627631541
0.0625000000000000
0.0111355398612054
0.0632552855344563
0.0119047619047623
0.00852376188052900
0.00895071874919684
0.0164014766075771
0.00686498855835209
0.0360495964176225
0.0217314140790192
0.131345483100842
0.0694160939862536
0.0347638864265471
0.0292300152145126
0.0992183296028547
0.0112742923235284
0.0459352142310923
0.123762609553223
0.0706207408150068
0.106270568563919
0.0365667350592008
0.0255562855901473
0.0698860964121387
0.00628539361054709
0.0238718142022125
0.0238718142022129
0.0131574596293171
0.0131574596293171
0.0248451997499999
0.0103113954493732
0.0103113954493732
0.0103113954493732
0.0323973226440052
0.0627517462381030
0.160282650980662
0.103090677889970
0.168444953685604
0.119533527696793
0.0656370228724147
0.0359349734110043
0.0140633206132062
0.0116943298269908
0.0268160663796284
0.00842452777197335
0.0617351575180403
0.0617351575180314
0.0235702260395521
0.142622793148243
0.00950570342205315
0.00950570342205321
0.00950570342205316
0.00950570342205320
0.00950570342205326
0.00950570342205325
0.00950570342205321
0.0116866518298235
0.0116866518298237
0.0116866518298236
0.0116866518298237
0.0116866518298237
0.0116866518298237
0.0116866518298237
0.0229978485494370
0.0229978485494370
0.0229978485494370
0.0154671207539415
0.0275996734372104
0.0154671207539415
0.0154671207539414
0.0275996734372105
0.0275996734372104
0.0154671207539414
0.0275996734372104
0.0194655344633168
0.0329647780400146
0.0194655344633167
0.0329647780400146
0.0329647780400145
0.0194655344633167
0.0329647780400146
0.0194655344633167
0.0329647780400146
0.0329647780400146
0.0141062276485480
0.0141062276485482
0.0141062276485482
0.0141062276485480
0.0141062276485480
0.201671531942944
0.215286216888807
0.0930023825327292
0.163116912857075
0.0614418580056705
0.0728241563055062
0.0345629992046190
0.188026507242504
0.0817487217580568
0.101179546493203
0.180544069885803
0.127095981646829
0.0796634618205226
0.0741703078590162
0.00881121065387820
0.0541374065384983
0.0134184858161697
0.0364175166276361
0.0265486725663716
0.0104660415780200
0.0104660415780225
0.0670843218185660
0.0312377876948700
0.0312377876948687
0.0616439233900844
0.0616439233900841
0.0616439233900844
0.0209884930531572
0.0209884930531572
0.0209884930531571
0.0209884930531571
0.0209884930531572
0.0209884930531572
0.0212947990583727
0.0212947990583727
0.0212947990583726
0.0212947990583727
0.0510057179208808
0.0238133190678218
0.00725237724293895
0.00783289817232376
0.0774874207681302
0.0416006279387458
0.0280882814299445
0.0132061440487791
0.0349486049663315
0.00759543696351834
0.00913427138007539
0.00888089353319397
0.0161568291549069
0.0109737364637808
0.00284849423885324
0.00888864618116662
0.0215387866546761
0.0275413215150110
0.0216321764778137
0.0336572800445907
0.0230472406910881
0.0152132965209457
0.0171083220979990
0.00833173123136049
0.0230769230769232
0.0192363112841112
0.00833173123136075
0.0154181748768147
0.0368367268421675
0.0213570404201350
0.0154181748768144
0.0368367268421675
0.0192363112841113
0.0368367268421672
0.0368367268421672
0.0154181748768144
0.0113584177014265
0.0368367268421675
0.0368367268421674
0.0145795212615785
0.0154181748768144
0.0368367268421675
0.0203079540259402
0.0192363112841116
0.0230341096403212
0.0368367268421674
0.0299888752897321
0.0368367268421672
0.0368367268421675
0.0299888752897322
0.0299888752897321
0.0368367268421675
0.0246815756711822
0.0111737279827039
0.0311935099417768
0.0299888752897320
0.0875991501734496
0.0112961797962123
0.0220733374606397
0.0389558881097525
0.0141527958612749
0.0141527958612749
0.0320966695334902
0.0509901951359276
0.0217593517310400
0.0155013610792570
0.0217593517310400
0.124329354326344
0.0141394167665254
0.0388559852340000
0.0199201727926185
0.0251102911271878
0.0507374359976743
0.0205143851146770
0.0205143851146771
0.0507374359976746
0.0167064439140813
0.0167064439140812
0.0164629775717813
0.0164629775717814
0.0164629775717813
0.0164629775717813
0.0164629775717814
0.0164629775717814
0.0164629775717814
0.0251243592977505
0.0251243592977506
0.0251243592977505
0.0251243592977506
0.0251243592977506
0.0251243592977505
0.0251243592977505
0.00370644922164567
0.0524344343009982
0.00370644922164572
0.00370644922164565
0.0764918945112212
0.0524344343009974
0.00370644922164565
0.00370644922164565
0.00370644922164570
0.0879334190425686
0.00680272108843552
0.00370644922164565
0.0879334190425681
0.0264777343220388
0.0146467334770732
0.0337330007425787
0.0146467334770730
0.0267474857561702
0.0146467334770731
0.0309278350515468
0.0373081260125594
0.0146467334770728
0.0373081260125585
0.0309278350515475
0.0146467334770731
0.0146467334770728
0.0373081260125586
0.0146467334770730
0.0146467334770728
0.0186269187051112
0.0620182179313822
0.0190684207737062
0.0620182179313823
0.298543129212652
0.172990504813525
0.0232520689282699
0.398703551540159
0.0460492013060615
0.398703551540153
0.00751879699248163
0.0120481927710838
0.0117995435080905
0.0374138140315757
0.0374138140315750
0.00425037319915143
0.0453399740725630
0.0221191364738118
0.0221191364738118
0.0221191364738118
0.0221191364738118
0.0182299500999828
0.0205612897741051
0.0221191364738118
0.0221191364738118
0.0221191364738118
0.0221191364738118
0.0468750000000000
0.0468750000000000
0.0119641076769692
0.0468750000000000
0.00200400801603204
0.00705164176468881
0.0148849236299186
0.00705164176468876
0.0468750000000000
0.0468750000000000
0.0468750000000000
0.0119641076769690
0.0148849236299186
0.00705164176468875
0.00200400801603207
0.0468750000000000
0.0119641076769691
0.0468750000000000
0.0468750000000000
0.0148849236299185
0.00705164176468877
0.00200400801603207
0
0.0119641076769690
0
0.00200400801603207
0
0
0
0
0.0119641076769692
0.00705164176468874
0.0148849236299186
0.0148849236299185
0.00200400801603205
0.0148849236299186
0
0
0.0119641076769691
0.00705164176468876
0
0.0148849236299186
0
0
0.00200400801603207
0.0119641076769691
0
0
0.0148849236299186
0.0309584272596094
0.0309584272596094
0
0.00200400801603207
0.0309584272596092
0.0119641076769691
0.0119641076769690
0.0119641076769691
0.00200400801603207
0
0
0.0148849236299186
0
0
0.0148849236299186
0.0148849236299185
0
0.0119641076769691
0.0148849236299186
0
0
0
0.0119641076769692
0
0.0148849236299186
0
0.0119641076769690
0.0673435029701474
0.0673435029701474
0.0673435029701474
0.0673435029701474
0.0673435029701474
0.0673435029701474
0.0673435029701474
0.0673435029701475
0.0673435029701474
0.0673435029701474
0.0673435029701474
0.0673435029701474
0
0
0
0
0
0
0
0
0
0
0
0
0
0
0
0
0
0
0
0
0
0.205605232709652
0
0
0.102730877626932
0
0
0
0
0
0
0
0.117576336831863
0
0.868265855171753
0
0.0239566489406697
0.00729591339240533
0
0
0.0261182943801828
0.00729591339240533
0.00729591339240536
0
0
0.344498414210457
0.00729591339240550
0.0558093383746525
0
0
0.344498414210429
0.0222555415833792
0.344498414210425
0.00819072519230700
0.0175679350690075
0
0.707266814408285
0.0714761385796588
0.707266814408285
0.0840129339058049
0
0.707266814408285
0.0458301110169330
0.0458301110169330
0.707266814408285
0.0141687478543560
0.707266814408285
0.00536227332733833
0.0338798178409054
0.0163216640693414
0
0
0.0132158590308368
0
0
0
0
0.0125120307988402
0.0290343854122919
0.111648439134718
0.0198331697103587
0.00642700762114845
0
0
0.0226125001126327
0.0224671025874841
0
0
0
0
0.0134729351238718
0
0
0
0
0
0
0
0
0.0297522917521243
0
0
0.0226563226312353
0
0
0
0
0
0.00928752817788203
0
0
0
0
0
0
