2.26243342173153
11.2728949534972
6.83084733190684
22.8999261728838
2.38240345667785
4.42576934097290
7.64109715363158
8.73742568329010
9.42441937657455
5.95698911983233
12.8508604931306
7.72120153122959
12.2999839182858
7.21991358523615
6.51611459869050
26.1950821719666
6.06063016568411
19.9537979962475
21.4055444585552
11.2450111395071
16.1473845873870
9.04580641081760
18.3941500495596
13.9335548843727
10.3947933844783
7.23713910800269
3.30658187617817
6.59025641283099
17.1080663156143
9.86391168483503
9.01542829157540
11.6415279384972
10.9634507825060
6.78424138404151
12.8039618377357
18.6372041747703
7.90765337536179
8.58686298718252
18.6507481624452
7.81505725236540
9.30270173332401
14.6292626307849
9.22940239623511
5.10493869728678
7.11880554266830
8.84943457139517
8.65867763655068
17.6390812619475
16.9445056936442
14.2918348603805
6.49654992858349
4.39325663992322
5.88553913936310
7.18817640911994
8.64868298174749
15.1866884797383
16.0334507336667
6.38668813254901
11.1473283141659
13.7025325253582
16.8801557482483
13.6049851557765
12.6088461219537
10.8413418252125
10.0379730624712
6.14134634703230
12.1662422895861
21.0140243740834
7.22948587118885
3.41624223768418
3.20405764298274
5.91165716192439
3.78025410289524
13.9192989100022
20.0047770641915
11.9988661451484
2.40089938167138
11.3823456135019
19.4190728204713
7.41780252189950
19.7244447890594
12.4824639554114
10.1398054586465
8.73360530721968
15.7326911061613
19.8585039158216
19.8123211481657
9.24913014754592
20.2803771872905
16.3048454718952
19.6704429207037
16.1201582017218
18.6229251289478
18.4324080452846
7.01050384506865
18.5646890551835
7.69054770578122
11.5359149557257
13.4383695993757
18.1705485996817
2.99138317398131
9.44050142389633
16.2696041887769
10.7438112646982
20.0035986745199
24.0374325727107
20.9725830226112
2.47731089086731
15.9060976936933
16.7001544630643
16.2721624407206
13.5206453740591
25.6234446953579
3.43912389482138
17.6337430019078
13.5101895562247
9.89339688265571
10.5574293913610
11.2376353412287
8.29377993736093
14.6066542174860
23.9247816545230
13.2745701293544
9.03079135168839
10.5922805943869
6.87954920933836
6.72860759287918
7.65546768340036
17.4906975757965
8.99136938777629
16.4389305273897
12.3135614612563
21.0488557541012
12.2510518468229
6.44268876608794
3.63832064772930
16.0868937876258
19.7499197550935
5.61982707755019
6.51676352283231
13.2238910334123
4.46021883218765
14.5015372855902
28.8033322755179
2.41487973670595
1.89299433885582
3.90178620741783
10.5436747016626
16.4220331269386
13.4810990103938
3.18102529795582
14.9125671576813
7.12853108688217
4.26849812853336
11.4766136849601
14.9762159695889
18.7382858775069
2.55668507796384
4.23426407852623
10.4704478581365
16.3854512550113
14.8868766036780
19.4541202536054
20.0014753113594
17.4883028645721
1.19481623385599
2.79499639922725
5.66657140335870
1.00285185939855
2.33558337066403
3.40408609844461
3.00303193872876
8.12483346719937
2.44399798098864
0.636225943752439
3.74396380745880
11.5238599220656
4.73909101688990
7.59001317335143
8.14147720505873
4.99652803383545
5.98421571690520
10.3028810382728
3.13052120171113
3.14631022023737
1.10000819711346
5.14842808665499
10.3157187419429
4.41706057640648
3.47544818101094
1.90227151845696
3.01576240083572
3.68553508806318
5.44691754170955
4.56019057943130
18.5745429427860
3.68219294816967
9.05869195360138
17.4727492028394
3.90319910183048
5.10554320856059
6.45313970747403
12.9874341875240
3.96957684348937
7.91744830022094
23.7991341644714
13.1010644935608
24.5873689750652
10.1206245720606
3.21141584695401
7.22335726205545
13.7575511594018
10.0816689089610
13.2459480424446
14.8593110951266
19.8120161929201
25.6170619606608
14.2084070229186
11.8238691920026
10.5003250079650
23.4839930617725
21.7791293304285
28.0722074912962
13.5295712484726
5.02436993412151
12.0324531239197
12.5673120586198
17.5139746468180
14.9119524177423
12.5143603845577
7.71913236678254
12.3729394778223
8.91629570946969
7.90992114099404
13.1110083552003
12.0740391725345
9.44198422803691
9.81517814940736
12.4687688156600
12.0967155301574
13.4909726032245
15.9043150236682
21.6013555965130
10.4624509168606
18.7026070866323
8.70987008287715
10.1235864196655
11.8669368930829
9.18225597856434
8.71907023846567
21.2193073833635
6.75907677963884
9.07931367734045
8.35781803305960
9.80815174418772
11.0104562426736
7.90245172925430
27.6853921871840
27.9050186089855
12.9470627571843
28.3966051496494
7.19860742382975
30.7865614412373
12.5630972378734
13.8765169108809
27.7812500047133
10.6274275030980
5.40132215102513
30.1414304727433
15.9287911938402
28.2089150941113
8.01503861292057
5.47656122562787
23.1345006565294
25.9014396568667
20.2145277468799
19.2454017064586
20.3216280907641
13.9376485683978
17.2028763839925
20.1554495311888
16.4413490251547
2.61082243151212
11.2950693806478
21.6417464325902
9.64772380330961
19.9724214589955
17.3258559133176
26.8015437533270
13.2997078439672
1.31055137322979
4.28740242670500
15.6630241038622
9.94473953186026
6.16137571003734
17.7155753792210
5.17916072247991
7.18500478996253
23.0890422002563
8.51586685612536
6.20291208468783
4.79249477073431
6.66259117593509
10.1647225980367
14.3123804109948
14.4643822876531
13.8345621031218
19.1669270385785
8.75895331693939
14.7770105784493
25.7836391088727
10.7448964927280
20.5414913040018
23.2956654502335
13.8695444137755
17.9985125668685
22.5369156127334
11.3128496656496
17.6244927691524
16.4927592866379
25.8012340724577
25.4047186204859
3.08929376884675
2.76146636710193
29.1142350733990
27.9701813534813
26.2681282188338
13.9629746459429
16.3252877854118
20.8765626372762
28.8177999647256
28.0384829721054
28.0750182493054
26.6336105437432
25.4936869115225
25.1432050038155
25.4256946479294
23.1652162524818
22.2363982612841
22.7869211321452
21.4135440277201
20.9338994490326
17.7028126084650
18.3770433774304
19.3617596949709
25.8242040699869
23.1171652165488
27.3658471153948
6.64960997874722
6.32745604983122
26.3312775051627
25.8682806352050
26.8823072838933
26.4181543398738
27.2524662039782
26.3923508575576
27.0230304899382
11.9954163770008
2.64001367465855
15.8619218963004
19.6398194565908
1.72599959763109
9.35086912741203
6.50804599391236
18.6002776476669
9.45799996928941
28.6728335400770
11.1122992070602
9.40544583890290
10.3413554800436
16.5859882053617
8.90789816830214
8.66158071763420
7.42643431603254
16.0524185761968
20.3556240514176
18.3558821551249
20.6860308894680
13.2294487327138
10.0160475380147
15.8841561361560
7.20663235037598
10.3456986425153
4.61662378262570
15.0215171764746
11.9433042645926
8.57390125188054
5.56857455815150
19.6691058604896
5.77900850726892
6.08639341198434
4.21001001823699
11.8398040560743
9.55307148660549
7.22138189372628
5.89309482177370
11.0535051806858
20.0419104510297
16.6247794168298
15.8515367029127
19.8186024283729
5.95309985490464
6.38374636344008
19.5883844893109
13.1225238019888
19.1633954085584
10.9260579713215
6.97651137497359
6.14402703682112
4.59832026158240
5.35665558415179
5.20860310142381
29.9828474684315
15.2248258009709
14.5196174007079
22.9508371000867
23.1665057348700
22.6166772481056
20.7096772340897
23.8310209847904
8.90398333839213
11.3585202394681
17.8152784793924
7.95991140391099
22.1008585812935
21.9208518299194
22.8985393673766
21.2605531939668
23.6165919876696
23.5443396842537
24.6601433282445
23.0944075059961
9.54215215181653
5.38103033196166
12.7980570488426
3.58877656846886
15.9321294776187
15.4081206460777
12.5522300325338
31.1341792503220
30.4039081945564
4.07965442273507
11.3432838606953
27.5987572172053
13.6228408548713
12.5038739703255
13.2209817903774
4.66249946348586
13.3991566294524
11.6601756189248
4.48709960010831
9.17349763088564
2.49551927637620
24.2823468936791
25.9814096094208
5.70506120613104
24.9656947782781
13.4451080870363
25.3189739610675
23.7375505782040
9.58248560761839
14.3932393966863
26.2369481788260
21.4731922191372
9.28337750385291
28.1166798103533
15.1254215986202
28.5463720237029
5.91989961401056
14.6972997275986
10.8976899529538
12.9630725599795
7.09579425699369
8.54115290382898
8.21527886135779
8.05959692159442
12.8792033443975
10.2596032890620
10.4167661942016
10.5121276986824
9.98032093310094
7.28567684564023
10.5149006332920
16.1330761921058
11.2637687156662
13.2079579230680
13.2197759236259
16.2407463334347
16.6703008216455
14.9412790376142
19.6997057637490
7.36164761510769
7.56316004851382
20.6007058464225
4.82246407435440
17.0985934351487
6.71122740676290
7.32289646704128
10.7492155916255
17.4397602523077
10.5623666176361
6.13315322162053
6.14355089053171
8.41050924191929
5.72329583069023
8.62175687206957
6.35920693001053
16.3511599333935
7.89424373640159
7.71336422540565
4.90400916946489
10.1827502139017
10.2365811700310
21.9757085514807
3.95010970630951
13.5909452639834
5.42790810281831
20.3460648504971
8.66975658646329
16.8963000953947
2.63677857368923
23.9124386928806
9.77617095887507
16.5326499973002
6.52084165549682
10.5717254573197
20.1864900213197
27.1264605827418
6.02277266151492
23.3380133936152
16.2848749588157
5.27501264634115
9.70686687899180
13.4344046347509
13.9742900918053
16.6270544681513
15.8540584094016
14.4004965597266
12.8233273754457
18.1125540428382
10.8832880327184
19.0048359022909
9.67477546775483
20.9240520406906
10.7256725852597
11.8512535153566
31.1147280235352
14.6755653562511
9.76521216297938
7.63439128567175
3.40867598582066
1.08163609800508
9.45895381503047
2.69081994333051
12.3706466149498
18.9589066750120
17.1422916922515
11.9278742770727
11.4404244678772
11.7908917282164
10.9650920681024
8.60621539903800
7.95181104832502
16.4000931852261
3.79282246202795
7.33681104677591
9.36618511674010
17.9409806831709
27.2495076572050
26.0786932229344
12.3400488627816
3.81908139885783
19.6708574415713
2.11403341547015
19.9506453463966
5.90276771567010
16.9738195062261
1.91770646431787
17.5049130812239
13.6011288927668
5.40612096063973
18.5274937701795
18.0534138103970
15.1010607791814
3.67751244762257
16.5804420583663
3.27932131551453
18.2769244761649
2.87317411392459
30.1747461708913
1.93255968099838
8.33218823619586
24.9679058868836
14.6796452486371
28.3330012309032
24.7186130641089
8.93192876547936
7.09224174705314
24.6339873352538
23.1025174153062
9.40888106702982
23.1752139272544
12.0355037547671
8.07099939358656
7.23871218358997
11.5845371583417
6.14521737828540
7.09263624745886
18.8439109141927
12.7042000812941
16.1753528549473
13.5458260087804
6.99635525748429
8.59941053555152
10.8253599753708
9.76877897140255
16.1135514615296
10.7358181127190
11.3936530379439
5.36025230220993
12.6412092852079
21.0428425010274
5.33169891545822
10.1996321727465
17.7916871971675
22.6465899206707
7.95112136023645
5.54678173907057
15.3524981821479
5.79286696890279
9.93091034461789
13.3110941571407
18.4593463894653
6.17899657464479
8.52200812880528
14.8754417998482
14.6728249575866
7.06843019641632
22.1682427268372
6.82402387699775
9.40308270989043
9.16762299919037
10.1732470604267
10.2348355210268
10.3636932127919
7.26674705273803
21.3424695446290
9.60947438636379
15.5374105270634
9.03250975904846
13.5955008138579
8.06437367697951
14.3542853559967
10.0340832005784
13.4531715305197
7.65631455032564
10.4627302859467
12.9030695352003
7.82916919940369
9.45217007639446
18.8821966087695
10.1242224517704
6.81436336653542
5.80920588999600
8.31459541088121
17.4269829092392
6.52741313720304
4.36758714570762
12.2896525869052
5.59634524073357
7.62416083462868
7.01960777385833
3.79517866756580
5.38662665134541
7.97592650576706
8.23619173039328
13.3747885062548
15.7256587311750
12.4914814630189
9.43631636503293
17.9516891870849
22.9733990877037
25.5406172183770
26.3336065144936
12.9907076034743
7.03589018557870
22.9284503403591
17.3782344429374
8.71268574664776
18.9799079968923
12.2960732696477
22.1155575795944
8.65040448568986
16.4039962595290
14.1997785568248
8.47450699221386
11.8802934364727
5.43683699143146
14.5595677149428
6.18982973587521
7.35355273594661
8.62291319078658
12.0648615384724
12.6492622738620
6.48322277038557
5.00784980339017
3.80095484357730
6.89995855430497
6.90657074981255
9.05096987689284
4.55211577419719
10.8443983692691
4.27579974011311
17.3466849098025
8.68649387239548
5.30457941249447
9.31612894151039
9.46185587893925
6.15514405823299
6.88264702443599
8.03015381222885
8.65240798712385
5.81239610709193
6.89660754358365
7.16220609514382
4.66920089215431
2.85903143733648
5.85760934769519
11.9026360538459
7.46467650302335
4.29637347781583
5.05212798647512
13.5964736149459
10.7501934881389
20.2721623161737
19.3723991682372
14.7507470857289
22.1565577222297
27.7052360384784
25.4854724804251
22.0414203561603
5.11938745358294
26.6294112256297
11.6881844703731
11.8002793163079
11.0601102790407
10.6278334675844
6.43304684839040
12.4761457295377
13.9972121550587
8.82580793842515
5.78855261689221
6.70334733448848
16.5151518377585
14.1323738804559
6.01380428744028
7.83359227456963
11.1179782329764
11.1903579159232
14.2427500301116
3.07915938567532
19.5802563367907
4.70597337001932
19.2235642537997
11.1373921602632
5.10930073272282
2.88883658385487
2.10304548379833
6.66855692537652
5.44137735830895
3.29802803411220
4.75752694605466
2.94726465708933
17.6774241654419
3.47646934269138
2.53550132304962
2.25485927252089
23.0069172802532
1.77981155401016
21.9940483862959
17.1653526038425
10.2169551468914
12.4058018020783
21.4637801636740
15.6543451363311
4.72535362658742
20.6150858123022
16.8649875263647
3.76071461971168
23.9383850465205
16.6771377176698
16.5171482207083
20.4034086320856
12.5099495122165
16.6095322289977
8.50657842254513
7.79890812285902
4.20721281748508
9.35105032584691
6.59981615841510
4.82119506402915
1.35068527834446
6.92571787304354
5.94070657211743
23.2880273389569
17.6261152652033
14.9963934003480
17.1488568407576
19.3284203531552
18.0035388487037
13.7699406016704
6.13121687507370
18.2725658965626
6.97345557103377
28.1754579694742
12.2930111491290
11.9942030857495
17.5530276461689
15.4329672866621
22.3814739945467
12.4670011271646
3.90690740099336
7.85574104096566
11.3909402810998
5.53797535862303
11.5423102232987
9.62828409687461
13.6234168388211
4.04519645096147
10.1573106890778
13.1085096362901
28.1279968390739
33.3383629912277
12.4212725917567
31.6411571919046
31.7000446706258
15.7173302512618
3.57770949552915
7.32826250141640
13.5275505144135
9.43300621271526
7.38240523502654
4.55245296649239
14.0453871449745
5.92313707654756
16.0951481892182
5.88263621745065
6.12527050556734
7.33204478227640
6.07614233568148
8.01195711862175
17.0949101492222
1.66767383070905
10.3753608107693
14.6945867780249
6.75486243023915
25.2763898347454
18.5609873003000
11.4184836019823
14.7750680191435
11.4358045219062
7.70787243516652
13.4900220521029
3.41293373458831
14.6499819174397
29.8574132252082
9.76677169291320
17.3615469987045
19.6416073632288
22.8727182396213
10.0966564721239
6.39510968623099
11.0943387699727
13.1480720432727
8.96921095580348
5.91888473313848
14.4808436287831
9.59761367613247
16.4081793936366
15.3558649306446
9.61678391199191
8.32950123188155
9.91790003020551
17.9912885060052
9.59176724993812
11.6610077692341
18.8314098421695
7.19014558859969
7.50352917660380
20.7254369995959
8.88774108446114
10.0815514003477
14.5026766980411
9.86733205111689
8.64207594122749
9.04851291862875
10.6827498698067
11.5389763080137
7.98489810190502
13.9025672997518
8.97633669046243
10.7756908727202
10.1058245917862
8.51946086946969
11.3871912327305
3.05652512244378
10.7016689310229
12.8620320121112
5.72204784272398
6.64373700819761
15.8190578944432
5.95418262224104
7.33883740880396
13.4233350860586
20.1826502104387
9.63139837927682
9.94449013717816
15.2047845273614
13.8357505513261
19.0605854196451
24.9151689678498
24.1690841720142
17.1640958991839
9.32815274312220
20.8993568833435
12.9425587244926
25.1898162895141
12.7190061762887
19.4153359186596
15.4400681577009
19.9000466274827
21.7252193604523
28.1294142404469
22.4219619401012
20.1801188093493
3.50286841863277
30.4312338005499
23.1511522073507
10.1806295387827
25.0609032587045
10.9356363584564
29.6845171710454
17.5427780647076
23.9041355992595
31.4788710748106
25.8679478725040
27.8700164188248
19.9785047337190
15.2604216695154
27.5059044184290
15.0059683669579
14.0149240992103
27.7552636959854
20.2257217763046
11.5944663276600
28.7935523072785
23.5273535752310
15.1953317090605
19.6898646522588
15.1317267441218
14.5360303835360
21.4681650955656
26.2620519430166
10.1006188267303
24.8502181987371
19.2544736009697
12.0810563592548
7.54823037639176
17.5176341282242
13.2210506117353
19.7497555872509
18.6442149734477
5.95665613397943
6.29188058933126
19.8461639863041
15.3094687373834
13.1327149710154
20.5147496908048
4.99290225407374
4.61164337565221
13.4195586830551
14.4869283957545
26.0741558475186
19.2736062194724
12.6650074377166
20.2812308079697
8.46864181867701
10.4760322768507
18.6459275060364
16.2454882161008
8.91502430070045
14.3987870108905
13.5642349946616
5.92963411932247
5.83455288533369
7.47243369643444
17.3463164255101
8.47436555622603
22.7392048618994
18.3848534673539
4.66421182249922
28.4317262151723
18.2584945248140
12.5617612559954
24.4419087874816
29.0014618427886
12.0873223129398
14.3212698737017
8.58505772034504
7.97299391461846
6.41303156757792
25.6812039463975
3.82074476153981
21.3269164244239
9.48382832971878
15.8467072963613
17.2848963427493
15.4427980373845
9.11721041459802
15.3299984243461
8.25253133395641
10.0907076895190
9.27640879771134
10.0347336744615
8.71809252578949
14.6545388690419
9.53059787899629
8.68462825949297
7.00525953819053
19.5307134058610
12.0900549185447
9.10442445519745
14.9158884866466
7.71375193017863
19.8965720097309
9.22833010139183
11.3838577308880
7.30603775861522
5.10814404034234
12.9613188341228
12.5982220621703
19.5255178341758
22.2530364799799
14.7505397483462
14.0044507988113
13.4145189620923
28.6603641084330
29.5146102938654
11.4479547556386
19.4238261026383
17.0765465458507
14.3461800177457
16.2426502887591
23.9286526540755
12.8701658045490
9.20769214679994
11.7153443239830
6.48538480306910
7.85208200669296
7.31854607921559
6.62341942234607
7.05967006955559
11.7619423350771
6.07527957467086
7.04948375002328
7.81614948643629
8.92687769109247
23.7434664610445
6.77964617362913
14.3291046405960
4.22168148319333
7.59430727559601
10.5700815362809
15.1092305426681
5.24186680483501
7.22820311567899
7.17636859661983
16.9862545379334
7.94302997674694
4.91539256755337
17.7249773194110
3.65844798804238
24.5594478209621
27.3934227188047
9.10311594669330
13.9907643757137
17.0073214307796
8.67581526977337
2.70433155851485
6.86406103229228
3.96208020069114
14.3339237649920
4.37546233805233
4.93783063334368
12.1023888292671
7.38799533622134
11.9066133306211
5.07458588462876
17.9545181722575
7.93623471042631
4.64007419402627
20.0572994186700
8.46930758906897
11.2511310453339
15.7636202030514
6.18121853322168
4.00014910953769
7.86463708221691
14.7823154059585
10.7959025333709
9.37075838210027
5.17140753388713
19.3151527792491
10.4871590386193
21.2474347358344
16.3985253278742
11.5531910754901
9.49763374214476
5.90102326654186
13.2709194654551
8.03284633463006
5.12609855905596
5.33193216912899
7.71084229867472
5.92177161761712
5.54280038698765
8.72996645432474
4.95410611949743
4.05683191037527
11.1529725222556
8.55291757139328
3.68645554438601
7.88596589367937
19.6353574988950
6.02776007978192
18.7469802031605
24.9103397565565
30.6075830951738
25.5719337687066
30.7280897342392
7.03843426702814
2.58449537362639
15.4533824100260
2.51539690451298
3.38636256049382
3.54496403424181
4.33363135027545
4.36669605037955
4.88668068681223
5.15442821328056
6.83088327072858
4.95007959665780
29.8533480668594
26.8874135147994
19.9390982154293
7.35930116803152
22.6257956949776
5.47706821135188
12.3274111256561
14.5157286469713
18.5416368769776
16.3204348645444
7.69077559720331
10.9815276217791
19.8376179081461
22.5454971741108
21.4798210855933
13.5974665931131
19.1331894787694
6.20933533768863
20.8665963902471
21.4038891343392
24.8054402937533
18.8350538748901
4.51561231709289
28.2267509719509
7.77741459236765
12.8722836189485
11.9387007352025
14.0577841423308
13.5793846123491
8.22969309600642
5.89466114828181
24.4237507226718
18.0598474748866
11.8026252551491
15.8432935392583
19.5863433627990
21.1405175015104
14.6040197381763
17.1587730505618
13.6182842058553
5.15542638046712
14.2148291948685
14.5080398869955
9.85670902205419
9.58111773670490
13.8360063666645
12.4218958992746
7.45022669019124
21.9817633886486
21.5418298248798
18.0656680695492
11.3764948374174
6.38301697205413
2.40785861850704
4.19146070392002
11.9377557724077
20.1264086463755
4.90216137222841
12.2493753857826
10.9392609961466
22.3634664546243
8.31625903346117
13.1519194233235
9.98073233887667
5.65740632609958
15.3409408282411
32.4692620449276
14.3150722846869
12.1728199126264
5.96614319778583
4.35223550949200
2.93926586864957
11.9330770262182
13.6152989703468
11.2351172931059
5.28307221462965
19.1753114420529
16.5934040525831
8.09034902189285
6.47150042579458
9.61544490530853
5.07200929097553
6.23380888106693
5.73191330887533
6.08131446307188
8.59409877790898
4.66306320909023
1.51093321804166
14.3583995193377
19.1228834432052
17.9554386126100
9.41220652846329
9.16083184820648
7.05131499456043
6.48062532862906
6.85006892129516
11.2810637451910
6.36889981266757
6.82658365901922
7.15991108792409
10.1414250111778
7.09089019776162
8.08847127268960
7.66557886065274
15.3094242031937
5.64338844394290
5.28978569214008
12.2082033977341
6.78861503454027
8.22247685568421
32.5413280599659
31.6954673059044
13.2341372464528
18.1021796046805
31.9502220859499
19.8276290822999
21.7360577166497
24.6217696959600
22.3166910548159
23.7641975098563
19.8863374826329
19.2813807030868
16.9681406535563
15.3631376793436
28.4645191900538
17.7651005150958
8.67112852286687
10.7098768118401
16.4738798665914
28.4256663465848
16.7413553730854
15.9503907955660
25.2049563193868
19.0074664195630
13.7269804904703
16.8214190463582
16.2686800887554
19.8827882100567
29.2923052349306
8.55231344755645
1.73748142004303
15.9183429825752
13.4381407234230
9.93674789617547
8.84037191018228
12.5363534580272
12.1215771346377
14.9580022535359
16.4117545223217
8.09384413169560
7.28281500237338
4.28890724645443
6.01175142692845
8.90817747198229
7.75273090132126
12.8765001072143
19.8163559739351
4.43481817699155
13.2059631584213
22.9826657885725
9.24094760513155
16.5453620499477
19.1576460324080
8.41628247873384
3.63331337003634
2.33434432592733
22.1143489635971
11.0510449279108
14.6871654372221
7.17941067523834
15.7465115932350
22.0607091219678
18.0561171446321
20.5575756731231
5.76430588697903
9.25256522294639
11.9582191871166
7.65106222922901
8.71201371909653
8.42848783243374
20.8363622753321
7.71858745120385
6.06514318169691
12.8677562677098
16.4202794825168
6.79132912800185
23.8536436034469
20.5416218608385
17.7417794601432
15.8017867784642
7.84987177444244
3.12110659494734
8.07941640110454
9.11255672369224
19.5378179086652
6.18826659558255
2.62309840205399
30.1298049604492
7.96536564349701
23.3347026860923
30.1294142692619
27.7266755327031
12.4305710901379
7.21352528383892
7.72181184547856
5.66361195508263
17.6211108900739
11.0324242589567
9.77439937783786
6.10470378627025
12.6581083135202
4.83215610836768
10.8781697513207
11.7952623687485
10.3265428585003
8.07327445951499
7.54565958454800
7.19699426850619
5.59794051689838
9.04777678254995
4.54867553921234
6.99043038325839
6.53308493144093
7.93705563976602
7.13969879471938
10.5796370027491
11.2624704322775
6.69376850001489
9.91004929141204
11.4680912143350
4.38385711993919
5.67927318507404
8.36505586438648
9.28980437069416
7.74203294432440
6.01072917071651
16.0076657430605
9.02412846488599
12.0762185768683
11.0156723127778
10.9709792499865
5.48040217638473
16.9805322108131
9.15453600657348
8.09549868609192
8.39475120117930
8.31669587086260
13.1200489029873
4.53990837969644
4.21402723313027
7.82354043986051
5.38068880267352
3.16120231558706
2.72707962457169
16.0707370653004
10.5029635252231
6.91966144624337
4.39856728049165
5.12954035314646
3.08838032202852
6.09819849022888
14.3077742688495
6.29164513170009
4.80224211448455
6.52748679479340
4.48476394432557
6.20517105909471
10.3129167220881
20.3041466305500
4.63786069297246
6.15306171085945
10.6247238210617
6.55848442071826
17.2544387837398
8.43218745133144
8.28072324741246
6.30397015246867
4.00636680753158
15.5110647123748
5.12564798461392
7.52932173645529
12.4909694538963
5.88779316259272
3.61387966542644
5.76106878821680
10.0240781302242
10.1730907007269
6.48854811894575
8.15141003023570
6.97459740661562
5.87086446853948
14.9666980198815
6.22930961967084
4.65370817005119
6.68449124277469
4.82858848212475
19.0688866413963
6.31286040320779
10.4599898914766
2.34933724790443
4.46305567522176
7.48374582632324
8.46527335419808
17.0227728777226
5.02495723509362
6.46559162199698
7.74863529177108
10.0405048086188
18.2296779100149
8.08320762400796
8.24309801897985
9.92385311991552
7.77283940241507
10.0476235042122
6.69719537916518
18.9982788051037
10.9776854618617
12.6316516523656
7.17435875825478
12.3120651932782
5.84285076418573
9.05988285507658
4.55509229436065
5.04330063015181
6.40381068530496
8.08379130230279
4.96199940397743
5.43178152666900
8.51683022949104
10.2890066545745
8.81492156281239
10.0041104462969
5.89805071703465
5.34680948669258
10.6194295114680
7.19146478866739
5.48238102669848
8.86347840623868
6.36255455068896
17.1256552408689
20.3275367926006
10.0875181943519
4.36484799746737
4.31752760812714
9.14202370631590
20.1749383235074
17.1210181178067
8.30759313562110
11.4133693636732
13.4590479667820
5.55508779414343
7.88656054209469
8.92359744868343
8.28735089067426
15.5215917795474
8.18591534098808
9.88434086752662
7.72552025251313
12.0448989861637
14.1776475567563
20.9999542999668
4.17621002618371
23.2427843117005
4.62469560492792
4.90308235996629
3.90881572602365
6.10451804378707
5.14842391656744
10.2375901832730
15.6323432478495
4.37211653230809
8.13298071850062
5.53952105024615
7.18046225391150
2.23522050936993
4.67332418901161
5.59494465824937
7.47375087809714
5.45211606468429
6.67006303323853
7.88342434608106
3.91773782278364
8.11482744509761
8.46106867006270
10.6200659582347
7.03040105248874
6.07152217353749
4.76003778964097
7.33912328597509
11.0968771737500
2.82072598456281
12.4012054539076
11.9941589051742
8.05593014229726
10.9925639923502
20.4974379255930
4.75451183924605
4.99691380519237
9.51188545898925
15.6010685610648
6.42257158188820
12.2703976004673
9.33808487539770
9.31644035906837
9.37296299602158
6.67124763695817
11.1536556182583
4.44190225729379
7.62557880935368
9.49914002799840
23.5093744157695
3.64237300536398
11.5561589074827
6.49390937636498
23.6526792052977
4.53289404555074
7.44151958616241
11.0451437699118
23.1528592788469
2.65212375152375
3.49525847621196
8.00998992347740
4.75156980600424
23.4506250945287
21.9240054957027
24.7802327053798
20.8261563655827
25.9606045075705
14.2951048741562
9.04197151966623
16.2542568382273
21.4987417684726
25.2090566633507
13.6876874124697
9.70452411739428
13.7924843226052
18.5419849715252
15.4475240636144
12.6184743567859
11.3792234702093
19.3233281820025
19.7740829163156
6.26687113174796
19.0751218142898
12.8069256932889
20.5717122634501
9.76797511585197
8.81917733254196
12.2783109721904
7.43772592573530
8.42949713525768
9.44694052281475
8.35744307473994
7.19848103403024
15.2996247065945
10.1318403210227
7.66478899197823
12.1395270786153
4.83858675773651
8.31451848038656
10.0492414846598
17.8497498196083
11.9982972320225
4.13997296662943
11.2396788226345
9.60111608246442
6.28966245927163
21.2787195317237
22.0004700606891
20.7453741504004
15.3230696748862
16.5237546026791
24.6538437825758
12.2412928776040
5.47359193906335
22.2030941121515
18.1774484742090
25.9850327764012
12.9426390046294
25.9976430254726
29.5794850123089
29.5113341692613
3.37068938841093
22.2999302223144
3.23324369019145
3.78025117621448
25.0567331628702
6.07659122611804
27.3676449191131
8.90833571034727
6.66250978699508
8.87571561687161
17.5921709215781
11.7178960919052
4.45285436723034
28.2977424835967
21.1320332660924
9.44383711970409
8.13221380902979
8.78173917234350
27.7121093695332
5.73591436344354
22.5598712498390
18.1416013245496
10.8352778241124
12.1460690771339
10.4340172974681
25.2702922532980
24.7857098896575
17.0490665567221
15.0346964465751
24.8270223437135
10.7076806981153
25.1086695469413
26.2404777184025
28.1398541038565
28.0069970628934
27.7362235376533
27.9719799435083
27.0991953346557
26.6520693227764
26.2478767894198
23.9391939880173
23.4178845602006
21.9785354648876
21.3379519076608
17.3480151838827
19.7281234365484
15.3532517862859
13.5977222510959
14.1870569596208
23.0783054351345
24.5285236228456
18.7124377489896
2.93471718825964
2.12448047815876
6.46799626387644
15.9862391581585
8.17623379201566
14.3924411424088
6.75636330562565
3.76692771865721
3.22394954462296
28.3264246722975
6.14002547812330
3.81052121098735
5.46206321352702
10.4819592203649
5.26581556321504
6.71371379118856
31.0862529102745
3.29422113067924
3.57069884562953
2.59668206420018
2.58646806310935
2.25179492551809
28.2432252357042
2.14787097800828
3.44771821674247
3.13091488735667
3.29942881920917
3.54806172162016
5.64114578980184
1.98012344900785
2.03699483702161
2.37699763172866
2.37446338974093
27.5686437470434
3.92348660410067
5.52185582383035
30.0822915964711
26.7827329794992
4.02299871027742
30.3630660020153
4.58790676679176
4.08961043941819
30.8751587743514
31.2659023160989
31.7540868461518
29.2842464948756
25.6349256017107
31.1529749671291
30.3049125248688
28.2184910605756
12.4131666667818
10.5069822538871
7.58592875734730
20.4680110481666
13.9008051107332
31.1088151242661
14.6504688498554
22.9601544584922
14.5598395514349
23.3328520673715
28.5669736888156
25.6316027023442
13.9500418596240
16.6522360786298
20.1935617434373
16.9056303067645
25.6893391625288
25.1853564618134
27.0323279105339
21.2015964051612
29.8749096417136
27.7482934228645
26.9320914424713
25.8964410982284
10.1932266251633
7.85015228449872
7.98177982918031
19.3801739350720
7.77830852101910
4.08179562073964
21.2724795461089
11.0458643780533
14.8146836366099
15.4576233229964
8.39495748081432
13.3425412763835
12.3345083173065
28.8591104233927
16.3949763657557
10.1335463784756
7.21565980474235
15.5478849436240
13.8124134169401
15.0732207494686
9.26654449285353
6.16759274364390
14.4330548662787
6.34937044381093
12.8303364674535
15.6860153178711
24.4454671921777
6.42960474030006
19.9581409453231
21.6760007957107
23.0749190093534
28.8055062885265
25.6290477671076
2.93794081443829
6.33404211467900
5.35956838697166
26.8500343987177
8.17170488125498
13.7984862377806
9.93170071884728
15.3498262315596
16.6709050119481
14.9055116451927
18.7217487370127
22.4349659048989
20.0906481687779
16.0532997700726
5.56048462388123
19.6610506267891
15.2772934119660
7.02284074292911
6.00790092509892
4.20503954113521
5.59639135405740
20.3975887803122
8.46556835611764
10.3807869325830
8.59783554141560
23.1892212071153
25.9749806592762
21.4666485073866
19.1794656043696
18.3657105233943
16.7012131459551
13.1325247862488
7.35426569493890
5.92623840950193
11.8063195706708
6.65378444101337
4.38195775454269
6.41174838385268
5.94537325332446
4.73564044145945
8.97705281293474
9.08848459093549
15.9375399402688
9.42419299128929
12.8177056186249
14.7151195135669
16.3855205217828
15.5639111684121
13.5480887895486
9.13265025452104
7.24638462630349
22.7670560343187
4.23865007858212
2.13989868178343
9.99360000197652
19.2638494769489
8.01622654246057
10.8184082848304
11.5796957591109
19.6727147880159
5.38933307734951
8.94392787869791
6.63816163571164
7.60667278003332
14.4569323469789
6.09916647916110
4.35768839583255
2.35133010919347
11.0768824241478
16.3205077194546
15.3779215073375
8.48130471553887
17.0201144733254
17.5374276252077
9.13318826482741
23.1595326799262
18.3768829041100
20.8885810641729
17.1502014607297
10.7343752802973
9.85993794464996
7.53337280312979
16.2900151234728
18.5209034596944
15.5869478651981
8.55507467194087
16.8109339512646
31.5525361161495
15.5280163236272
12.7599261553545
18.7110884915669
16.4236862155178
27.6667836105386
27.6690998971831
22.5151522300692
11.1551643631053
21.3793266418930
15.4625331100381
31.4833151470545
2.62520046596536
10.0963236877562
8.81276917115590
14.1701981031904
20.9627427685579
8.12520375478083
9.47284915838067
30.0779770595161
23.1171559449766
7.95360033992378
4.40701504045745
9.13719506144733
5.62735552912424
5.25229506497444
20.3576191493032
15.4849770497005
8.19606598822180
15.5234493394202
21.4481582954476
6.83710482033953
11.3991322199590
10.3165638773560
14.4484466769925
10.6040914266819
13.4903922274087
10.4807519660749
6.63144988385197
8.15466776760182
7.44504471181334
9.99038209901561
18.6204887403100
9.68570095583777
10.7346046028571
15.1004781024151
13.6765119263462
6.62911856795507
15.5852310993859
14.4758644402953
8.04113309511164
3.20140150135159
21.5932347533614
14.3778365229658
13.6738169189231
4.62600246740476
13.2777575580050
5.51616707591175
10.2398769872018
15.8537408534102
13.8353631715069
12.9445684916502
12.8946311395116
23.8472953832917
5.36256439111570
9.19723768839153
7.06612241261359
17.1875691995069
11.2596935410138
12.3543170773828
9.29733675688977
10.6132634681526
8.79399984649243
7.54163785981423
6.61211342362134
6.27646781085396
6.96063166591339
9.35562513269475
6.09534612040716
5.68436345420674
11.2500379942377
9.58820842813136
4.24505207516068
3.44403098194951
4.16181712598790
5.97629487444613
9.78725218580973
16.0675128958918
2.31851999779291
5.27636733342045
8.64904952063359
7.79200798954474
8.45597459483172
4.36474351215305
23.3998220935994
10.9801977228572
13.8582021819839
11.3117089261990
3.48167708820397
5.93031781028069
12.9633259136025
6.49460819501670
9.90328458930200
9.00957907133832
6.17801854281514
14.2878150857895
10.1136205095198
15.2691220786815
10.0096594356845
4.40387369651663
15.2554143342333
15.6342049991609
12.1997816607548
2.98432366543701
19.9352079476054
5.63403634540825
8.13296917335255
9.66202592140879
6.02618638191465
18.2135278158660
13.0120057657515
17.3587724507767
12.6420147391619
5.51766043373269
12.5835416594645
8.43534011407775
7.49015527300231
6.62728912829251
7.28308150073539
5.49274530124796
14.2466777588640
9.14919350647377
21.5928469336308
11.1094387272048
10.7680541017943
28.2248223195982
29.7656340720024
28.5523958434628
15.7676798596337
26.0044520633181
7.01520008123261
1.67048760370089
10.3700591154730
21.0814384050549
13.9771015119588
12.0536653529356
15.1607573116892
4.92117425039839
6.69646980640898
4.34899611099447
17.4955959511151
21.2498653725274
12.4556188587102
14.5671477769876
18.8994929554685
8.53388394252137
13.8348746821129
11.5712438545915
18.3671908508452
17.3347757621722
8.47106652107048
9.42634481302445
4.83994753600429
28.1858556181928
18.9385408131744
8.10369002097940
6.33212347372733
7.83044726644574
5.49704852094332
5.99624016392124
4.18644133374058
8.04513400957063
22.5798149974619
26.3956555347848
4.46180952789136
17.8871336109021
1.69661633214469
7.87454252767435
6.73059587493603
19.5275125104938
14.4880630101440
23.5069710726178
14.0310132347653
19.3479865648916
6.48485534479929
21.3794341740222
3.95584705184002
13.2417497079187
21.0315635863115
9.17719336646796
15.5874817290928
17.4092201389627
11.1207583294045
13.4225098290873
5.94615753397345
10.7789229721678
13.6156300983946
18.5183746578355
19.1377752487505
18.8418921239346
6.15763027931050
27.4658848051838
13.3149280758467
25.3113311450764
15.1812928160813
28.0238521287355
8.86919915814680
27.9061590793411
28.2673679427687
15.7094066522475
18.2002975642402
27.4412366532651
28.5993871378022
28.5728086742026
22.8335806375282
22.8147071360061
24.7956206973094
25.4271000799453
23.5168071858002
6.07582698865434
11.6681053047768
29.1756025910311
26.5448321268434
29.3653720074668
23.8657746797642
28.8822085581759
2.27484001609918
27.9370967230227
9.05170955142586
20.0343074466778
19.8770193560522
9.95987655657435
20.9492307217448
18.0493486674187
22.9494384256832
23.3552911413307
8.40658600525589
14.0491429317505
22.8599709697801
9.30747385456775
10.2449406719672
7.30016808104674
8.65811656451889
15.0382378065966
20.4826687268194
12.5545244112854
21.4003364417900
10.0446126584960
21.0745647725870
18.8565581252920
20.0341558241798
5.17078398594773
5.17490855520921
21.2405412092378
6.99544833434251
12.5245740073253
6.48190089946409
8.67886963223045
28.8864139439111
7.07478184104688
29.1228112999412
20.2846503403868
26.0393795718413
27.3019326176011
26.6019786917782
27.5947287162910
26.2900822972749
25.9755076363137
25.3997749478925
26.8793170989803
22.8243290158046
22.3016877101355
17.8287986820833
24.5816486806934
18.6121909511319
7.44369020797180
15.2497739057588
19.2704252546058
20.3706611398865
3.35772704921154
22.5618605849001
13.9354603137172
14.4392710663502
16.1467362036037
15.1018779783087
13.9463626648848
14.5910352799246
9.18150430839150
12.9609636928891
12.9404489556948
27.6658638246680
1.58517365126558
27.9917851970233
29.8572582794029
24.8761552253375
5.88887290954755
25.1322933800230
23.0484137031778
23.0240700950222
24.3051568962895
29.8596854611367
10.6391730501626
28.7692203991138
4.55656745405861
15.6765961216316
21.3635874049490
16.8171183434162
11.4622009600348
26.8914956553879
26.7736288378710
27.8796239296704
27.1056120547664
22.8337410538532
22.5514886224773
16.7460552028581
26.5075037595815
20.4618472981066
6.12247720146474
11.2692478203521
7.30177364945775
12.1209688996264
7.45736483389850
17.6668640480834
11.3821554763782
13.1475163737859
14.3680917683991
8.43983067537561
14.2755532769068
25.4662722859202
28.1302207742841
12.3921029181431
18.7643398425756
10.5317824757186
14.8253484030526
18.6256767391847
9.65505112060298
4.81110153553351
13.9401692324420
20.9204390539320
6.00135522348046
13.7214592604217
9.33131441119833
7.88672606649325
27.3325057585318
5.91916266730360
13.5843460397141
11.2514758889432
11.4864587590675
19.2839726904219
8.88105253823809
24.9404126421735
13.7466488656807
9.42030756280911
17.8419000566623
13.5380065983574
18.6757844978784
5.95559836048123
6.41222827064693
4.03725587994918
5.39647963685846
25.4370478532268
16.8009496564097
9.17055888681325
26.0713748696199
13.9141858189026
18.0360601423212
7.50695987616111
18.9337388035778
17.7502702316726
18.9384098918909
7.12331082269535
7.93006916791937
10.9557948565939
10.2661260724804
20.3366914104018
19.4913915423072
26.2575743916462
15.5224488539420
30.4040252843018
23.3784366555244
18.5596846889705
23.2079101111789
5.11029799365996
15.3936384312021
7.75873080027543
15.1329271515201
8.18298513922206
16.8380158899756
10.9573330865529
7.70026271740644
10.5418864956618
19.4482888216957
10.3210897871103
16.8261647768128
16.9069143747732
5.93712777565506
12.8071155139015
16.7716151474761
6.43160268420315
9.08070616694390
13.9316702506005
10.1673598687484
5.97640056810295
19.0091024903608
18.5461847913894
18.4656495570077
17.7271115033632
4.52752978713100
4.92092179515681
6.50187985855898
14.3883050052530
5.19422147717286
16.3555234092788
6.78621091278222
13.0673196595602
12.0074161365045
11.1993189049102
11.3912837806262
25.4958749879417
27.6282293052041
30.6642538301466
9.37051992213274
8.16805620286635
22.3559742250291
10.2769609377432
7.92516725252561
4.21583571352202
13.3412090828024
6.79829721091918
12.2481204833922
12.5104651066923
7.96194667073768
4.74155675883221
9.34551728949444
12.2421386400698
9.10171280777730
10.9532655427111
10.4537418862565
4.10820189601976
13.7652347829524
3.46667369693708
6.79855253189029
7.27930453616407
12.1056911342459
6.70326848967902
14.1177040089469
10.9559526474604
5.10782563849639
6.47795927354233
17.6957104214821
11.9838439291647
12.5757565461258
5.91685056017681
16.3636843091175
5.72856911272169
8.20099374759958
5.26363125690172
12.2245086753022
7.82643829891603
15.1492277640701
6.44768597337480
21.4502561876237
24.7192517135104
10.8135616581454
3.91494015194863
5.16312772231744
10.5978758148646
7.22967139588504
15.5572967556363
11.6690964869366
6.95087402913357
7.26859483456812
12.5991399970909
21.7826713690862
11.4170212920988
15.8803018588686
16.8568211480025
12.1802237370882
18.0287959891331
12.2299242792296
11.7360005774659
12.8091083540085
12.2154164402401
12.5431614951689
13.4079989472257
14.5889546788830
16.3082155770554
24.6959417431108
17.2780618739167
16.1087978309112
3.02398811503372
6.68563943028407
8.14855260172498
4.45379595861410
6.18325769592182
30.2023163415442
21.9722961897931
11.7734992496251
7.13480919999335
27.9308476064180
28.1025549813918
27.9712130563605
17.4119777558675
4.32777400175277
6.91944398877107
30.2042653650693
3.68778718428857
21.2273184387062
7.88470497281363
19.9124792231234
13.5570079215146
13.1399560606024
30.4035447404192
24.5355763277184
22.4905660500676
27.9505531342977
21.8850316034904
22.9640002853827
22.7573212251015
16.0144244289694
25.0250916595600
23.4842605190541
27.0556149001731
16.9010691571882
23.6030076742779
21.9602694911781
22.4827532648354
18.2954585128884
9.56733860240242
16.9491961233539
3.43752382692004
8.47960019233448
10.4402319920675
10.6930630272456
17.5245270433240
24.9625741700066
30.0802552842160
7.95451125091907
30.9378105707878
12.1579129218480
16.1760371400717
15.4084339266697
30.7211040386944
23.5990123582759
12.8342722570151
16.9883646010321
27.4078740705615
31.0863448862677
10.9279252788710
19.3908265946672
15.0971238063480
30.4753572584359
18.4375930569340
20.8480282695807
7.69048082979946
16.5270020845516
21.0200180403668
14.8878902247497
15.4039875067842
15.8362093047060
9.72641177657858
16.5345844728464
22.8697508077959
19.5557133486702
20.6864255203474
6.76063767812461
12.1469286305346
18.9078937919126
14.3141448606635
16.5461199266517
18.0128751998630
3.83818952282922
15.1496365695362
24.5997578712522
13.7174403748398
5.62868792943237
17.5734098356179
7.11008721330143
7.95806411288351
5.26386676516298
7.37460629039576
13.0576706106391
12.6380734309849
13.2202169912383
9.25664878293986
15.3978532006695
9.46074002660771
5.42389369926322
13.9916349095549
10.4137983165004
10.9996023791806
16.2796572194474
18.8429546392168
10.3320397488453
15.7270032528093
22.0731702023842
14.4561297040134
19.7245686192255
14.5480162230138
24.5658768200538
11.5920523675717
23.7204289240938
12.0489624008050
16.9802698821614
16.7103645757151
11.3635609337672
21.2501578921484
29.5928398180672
19.2768072768267
26.1833365959133
3.73576917774868
13.0999623861269
11.7066738513909
8.89262510062432
15.5087688551622
16.6338961949713
13.5081884815690
10.9367757482362
15.6336091637841
5.88840954094189
19.4380413835867
15.2868808212729
9.42423550251812
9.85175314094212
19.2973710959045
10.0236192835361
9.81173040117010
5.92485981134471
11.9706434017528
5.71298278096221
18.2801101149112
9.28325440007512
22.6668359747442
15.1197346512953
6.94317108917571
8.59878495074026
12.4574141655222
16.0171917752738
10.3982475273257
10.9705623185977
3.81297531227440
2.29953339122214
5.75630988410672
8.41918898877870
13.2755027094740
9.39333533326680
14.5142613917694
12.6559027794821
8.49262884865967
8.71104835423062
14.0318654764483
16.7015916346504
7.27577646416985
9.18515733945105
5.45822076286078
5.14306477796677
3.19135942237530
3.42912160389500
8.05102434968280
11.4167285546669
5.41190583867565
8.47297490785106
21.6054445607266
23.5885973527919
4.59455385975941
4.94973213832602
8.16087611766346
1.86578381814017
4.83255046497339
17.2563157632979
6.65584312397902
12.9445616814303
17.0098645462465
11.9040543930447
8.98893985689299
6.59428811843746
3.14297035326924
5.36578023136377
9.66285411127430
12.1785951479210
5.10965114224100
10.4168495398870
1.32233701778910
0.587331083592022
3.41178391057618
20.2832445986128
25.6703585590069
24.7544327271063
2.76660065230649
12.2196956006522
9.09408182026872
15.1494483480032
9.67303780902702
13.0363681290613
13.2624498224998
9.35310398945471
16.8812962356375
12.9378479953793
14.5946697094800
7.31703996009344
10.7534455138733
13.3241786158613
13.3064859934008
13.3461755959494
9.60638603774470
9.69898736467033
9.93546636377441
7.33359285813486
6.99268682512194
9.48943604670916
22.8163095733424
9.77949608028654
17.2472468029120
6.70770898283305
5.75953138280166
3.08208329210855
12.8235134512743
5.26196129767004
18.6256790969988
15.3830246679577
1.26514003530984
2.95574445207989
2.92868678795423
11.3582248972835
4.30116877438908
21.7545088785779
18.7663565291738
8.46918579668555
11.0213953021109
21.4197238255470
22.4655779248704
24.8528382141923
24.4494021052417
25.8660980900812
14.8257058182029
23.8001612415752
21.5615760322334
22.5833471212529
21.1022325072882
22.3105260057755
24.2718779619927
17.1513091906484
1.74480817538374
9.85539212001046
24.1445089355128
13.9022201123931
14.3932125296634
14.0836949871295
11.7866387533930
15.5546969505601
8.40252407856030
12.5393161962139
3.93071061731353
20.2175675535531
5.78511807034041
6.08836503707408
9.08448730444940
8.40129974825604
9.13289648306767
5.98421635762054
7.00512816652428
16.2553162919263
14.9293984577261
12.9107347160073
17.7271992192611
9.12136630489591
15.7615636172090
15.4062655827082
9.01657329169899
23.8074937841273
11.8757126508664
6.26226999987487
11.8653751777624
11.7328029077295
8.91502827785806
18.2609813065737
2.52915980937534
12.8030463254050
11.9179651441068
6.11533680058421
8.78863892969479
15.7604079289082
4.61937956498286
10.2922707857102
22.2760568902751
2.95616749648316
5.45863144058096
21.1944487366367
5.49740906786254
5.41101010898580
5.54591220075503
21.5459867170193
2.93063751889214
8.64417330503311
9.74509663988386
13.7432321478512
21.6299428973383
16.9362430319745
22.2436183762007
16.4366927133889
2.08686146111918
29.0270374255547
12.0649540334715
28.5520947658924
19.4577171853525
9.70067459326399
3.26217311162060
12.8556439024829
4.82017593050411
6.47754402521984
6.81677637220298
7.80206776282406
31.6544141445529
7.38980568088427
5.28274415571969
27.7933266047842
12.4986224457853
3.76494437669721
18.2959936753949
8.07958823713044
21.3095503724831
4.24944268893708
11.4793046548570
28.5280885497301
31.5737687790712
2.22974283106072
10.2206049788486
9.98867786893361
6.48158289173029
7.83138200161514
26.4145711467716
20.3170949671445
20.7661355754421
7.13212068716430
3.42441872697216
7.32544493464745
16.3720277635008
10.8088689348685
9.80143328804749
18.3524096708041
8.89781749837103
33.8334773233399
14.3538952474868
9.47173307543836
9.32244162165947
8.11372317938759
9.92346079958988
6.70784797043568
11.5241648305630
16.3354445326888
11.4569706120160
17.4411134967765
15.5657463303825
26.5752802049281
11.4814727022602
12.8768720220372
7.69298316293584
13.3965201557374
10.9461461851946
11.6939574396816
5.98737321409696
6.41354225669348
6.66283443561877
5.85222545833130
24.4852862876510
21.0569673498511
22.6548682373428
21.0505438634053
18.9391472965379
12.2612890158483
11.0672974681230
1.65951208898918
8.13985423927576
7.37609874866494
12.4750181150936
17.8372054926970
9.18544903370002
6.08238340149861
10.6936453996455
18.5620255501153
7.52658603415756
8.01703341948467
11.6592141278017
27.1376486636089
3.66466230067268
4.37514115103896
6.95393561142629
26.3244273943901
30.7679958971312
15.0745792798187
16.1986889326606
8.79298780674169
12.4385741950600
9.80415368087642
15.9882911651111
14.5284245779606
12.9966771626345
10.2188815169280
8.13203543485279
19.2901161016950
20.0448420052505
19.6353494004528
12.8722641694478
20.7840793808005
19.9143133040743
17.8281320491005
14.5182898257640
6.89610863270203
8.92204543455133
13.4274935348382
2.38780684208215
7.74237579757122
8.09147089486345
17.1836148492912
15.1205274143042
5.55885500075844
10.9597672975383
20.6680183038432
22.9420866006879
8.22553884381220
13.1792871482336
8.86818024829368
25.9935808950205
9.75306211471756
25.5353104253138
23.9136815698724
14.1925843857002
18.7287382607630
26.1541852321450
18.7431635286801
9.95628519405561
7.39815584867917
14.7272993010809
11.7125637134274
15.6184168838976
11.2627386453237
14.3815191556424
5.97223033373955
8.76313594057848
22.5752722689160
7.14682448251010
20.2746574922554
18.9236655814077
15.3973904980404
9.11381341793742
5.18222847794514
29.5244899333198
5.04795856615481
2.67766089453258
7.15478873445471
5.12763243142187
10.2546799482828
26.2414745674710
25.8710548884924
9.34143611987572
10.5745543291636
22.6150882441471
19.4671655102951
11.4434562123829
17.7822029543301
17.8587788477917
19.7213158943955
20.3429528699677
18.5463321123156
19.2998542225675
17.4994364171376
13.5860137756622
25.6002195646015
20.1216934396689
19.8915756183932
18.8604862585019
5.99513128779279
18.5300166296899
18.7894199170038
27.7585060709259
14.0245221048524
29.2250109157861
24.7011779594322
17.9005750123153
16.4979417207656
22.3089152174030
20.7880849218642
16.8127246440139
11.3891221634428
11.6271119782474
11.6208054984365
14.5634515911074
7.95242874440762
19.9247441510349
12.5566504311340
7.66187354642774
4.89619862583465
13.9506022335726
23.5397418754726
8.06082950245895
9.40204551704834
12.7331941195506
22.3835646100438
6.74680004391679
25.6396059486306
32.6610851727560
3.23683175831150
19.3634620733959
29.1606210065093
27.6257720415330
3.93062088870705
25.4630599438838
19.5186928229831
30.2095781008153
26.3666776351891
25.0762726047150
29.7917651221234
8.17980680237180
24.3240940707649
19.9877868276159
12.4210709290235
20.5919616557815
14.0300025908504
20.3037364588076
14.5417622281686
17.4553709715903
21.0402136981647
15.6192870694848
18.1540245692781
20.5408840394730
23.7939815129130
15.0324885720782
20.6398250263572
20.2626012940308
26.7829724959440
23.2916383845439
20.3993957308536
19.1430657882270
16.8608716507542
27.7170587537262
22.1706185753468
22.8373597899457
23.6825448800974
24.5816948766668
19.7169205591676
20.9838374579306
16.8076161213208
19.7761423900398
22.6890929074086
21.7468792479829
26.0748100101507
27.0608627515715
4.55269373447746
5.07620022524452
6.49668575550888
4.78817194723823
10.6353145747598
7.69343650909937
21.5716062782652
10.7003406944396
4.44351540466284
14.1528032709862
3.70782187188465
14.4758138271510
19.9060809737263
4.67580415889184
8.58010329175305
16.1327899351558
8.49201156771703
7.82649164559467
8.97608380893366
11.4323284647240
10.6791339945543
12.4884788513056
18.5760134497146
17.0475651862016
14.0359902184736
14.3992201234682
11.8735432169167
8.81613479803128
13.4572255408263
12.7382468136279
13.3218346283034
10.8274118657560
8.58965422008732
10.8265817681054
10.8238124277052
12.7242256111797
13.0602493085422
13.1800566089881
9.97999894654064
10.4054322555624
9.94879869719946
9.95632745643681
9.62080784352506
13.3756128685754
9.91296661639673
10.3031102900800
12.6235886279622
10.3038539776354
10.6938678745936
9.34511000486678
10.3458136083242
11.1144789611276
11.0482642586013
10.9810310738498
10.7952253149118
10.9251432022561
11.3717877889090
12.9151127147631
10.0917172009644
10.3393294680194
8.42162641709965
10.1828493199595
12.0838381962544
9.05698662344139
10.8385641454409
10.4512012533351
11.1182937688399
10.9444941733991
13.0687157350271
11.4281951136932
11.3909441387442
11.2185816876199
11.6515709141320
11.5157066297231
10.0921849973590
10.0624125578306
12.5322658502571
10.5178658314623
11.0595502455376
11.9789316500337
11.0190707455778
10.5473415333228
12.7584941594600
10.4831065586435
9.71648974355007
9.78404685444423
10.2874437112869
12.3457071114909
13.0100313616097
13.0193072120747
9.77463172265433
10.9707120315312
10.4938662399805
10.8822597204429
10.7955372735132
11.9709209145661
9.76908643574519
13.7044870765931
11.8815897679245
9.47809040676351
10.7795374090096
10.2551220825699
8.79920517073785
8.62718935935906
6.77892671269618
7.78157308215176
11.1149350545900
10.8682239241299
6.67212655498502
6.43241396642731
7.19841865952885
11.4830302243899
6.84519503901843
7.31185168521434
6.74729118851830
6.46726040073235
11.1407979744978
5.52764963010091
6.17655737872616
6.00947355764978
5.04303580462853
4.61081157584526
4.41202316849186
4.31705651719553
3.88538146833179
3.91509705966960
4.65601717952027
5.13982620636530
4.65000451297964
4.90867433679315
2.22249225498198
5.05805664006234
6.37983734633061
14.9796564006978
25.4009959298966
26.6139013527176
9.80084418782501
14.7703722977857
7.48718040236053
4.72461557930512
5.90495722465955
10.0000973042343
11.3940287114275
8.49185478082647
14.4088541645965
18.8019926736786
12.9524156149565
6.43757582901279
11.7354072361741
17.6006828509826
14.9038623292234
13.8104572360792
7.57614211685852
6.86854208459736
12.8859764205143
21.9065752363916
10.3549013838149
20.6299060739591
18.9510267925745
12.8235406776647
24.3439594542552
21.3221338467298
18.9646603434038
15.8776462498626
24.5848273180982
12.2492258496924
14.3411008628614
18.6857033560143
21.2590727661312
24.5308250023683
16.3010103253876
19.6332066209841
11.8204893870426
16.7011546279617
15.9658337454033
15.5136151811163
8.49198916037514
15.5382395967815
15.2080511254258
16.6525969571144
24.7996060229072
13.2497107369196
8.90896966051216
11.1436301597167
18.3492601170879
20.6156236805448
20.6009405685453
27.5430273390991
11.9453407767762
20.3026861792471
7.47753737512870
8.49833674428338
18.6351625937587
9.19057645812606
9.65268316886932
12.0589289876240
11.4101321088602
10.7814999761132
5.55998005042765
15.5002684367279
5.54489430851027
12.6928341821451
11.1564630499885
4.60259766798261
8.96544452450063
20.4757535663583
5.18712499082807
12.1562914846912
8.52193482960175
12.7815338207056
10.3058932803284
16.8318839999088
11.4213628057515
5.92381098953153
5.01089603793445
5.93210365504150
6.44812943142797
13.1364979290647
10.3782965962958
14.4243789166487
9.37976262690200
9.24031863843018
19.8829672633098
8.67615107779846
6.78273599148497
28.3592115892878
7.39715497249428
23.5823944871618
5.87387248384519
6.68690134429504
5.09283493025967
6.78248353088111
4.36740844715821
16.5046408758200
5.58369526508565
5.76575333245865
9.77270438672891
12.6296331145155
17.3011677233084
5.47003075577695
15.1794652785456
6.37004670120062
13.1387485256905
10.6792864270019
13.3838420608780
15.2994785960100
10.4675296882572
19.2489148175941
20.0926917897405
26.6439960206075
26.9846171229021
25.8246420584895
26.3007466549095
26.3548819539107
25.2736333912170
26.8714344440156
26.2840623655947
25.8659171722654
26.2557610710045
27.4450138125103
27.3383867657752
26.6411854421283
26.1887833208978
26.0592510537426
25.5446802607736
26.2984763266892
26.0897027638115
24.6399527478645
25.3469254629198
26.0167308697513
24.4851943708813
26.3932201875881
26.8602677884844
27.3950663874289
26.0907613410406
26.2283033167867
26.6091732257949
26.3245851422708
25.4287446147670
26.5846597054839
25.5041765123141
25.9881679811341
27.0112824804205
25.7003078661139
26.7731948628132
25.5587879944221
26.0657111062429
26.6869599393836
26.3386989172522
28.8396707969692
26.3878428635750
26.3939033908039
26.0359651855300
25.7621341039629
27.5475098953342
25.9908281407239
26.4127969071298
26.2275362203860
26.4399906963543
25.7735230147632
26.4956337754721
25.3690488707557
25.5812233339589
25.8400431148798
26.0793608242018
25.5282594369861
26.6308325131426
25.2149593918769
26.3152879210128
25.4638825999515
25.7650088926287
26.0964514045709
25.1845843987221
25.8897418804775
25.6075321231987
26.3022138013875
25.1574527159448
25.2774804752773
26.3664821782466
26.8278816185437
25.7368285559377
25.8036705566087
26.1341592701655
26.8832832498239
26.0027564895046
25.7754213764509
25.6659765351043
26.1538479888022
26.6555864923582
26.2146682550864
25.3367719555989
26.4523835941273
27.4894620055626
26.0722510073622
25.4101370582009
25.4874821054927
25.9645468751082
26.6092821843239
24.8677159199846
25.2068607821460
25.7859613738782
25.4928290652807
25.5200183785636
26.1692157757320
25.8742050249768
26.3548990497550
25.7332426762029
26.4815309588351
26.7224135465135
25.8007483616652
25.5641983270471
26.3895404421943
27.0632992524432
25.7994856378470
26.6844756498167
26.3159636754037
24.9456504253860
27.0057693802342
27.0584041262531
26.4689171655852
25.6746603189483
26.5160037087123
25.3675066076033
26.1221796181857
26.1559313711780
27.1296390051456
26.1557060292724
26.3576922816712
26.0648749105248
25.6357675289821
25.5649791323290
26.0232140885592
25.9989797359135
26.5618745224912
25.7426119520673
24.3909122344292
26.8579742825022
26.6823133462959
25.2789155242153
26.2588229741333
26.3606937515086
25.9996516198992
25.7352976500526
25.5527196032067
26.1131342048641
26.1942212709238
26.0364884217634
26.6911080907280
25.6945484774501
25.4741171061577
26.0281062803280
24.9026178420323
27.1716217965451
26.0912613135548
25.6854732695791
25.3443478503747
26.2797013772649
25.6914798034300
25.2187507145189
26.4424072609530
25.4974836737720
26.8811786473224
26.7010323472420
26.2807711119974
26.5846998143617
27.1035285244781
26.5483024067131
26.3846116213962
25.3944847423791
26.3392313414900
25.9392761397957
25.8258797515257
26.1546778296374
27.0135889635989
25.0165986637396
25.8574062466456
25.7241275582628
26.1958616724341
26.7652903999696
25.1203880636475
25.8053471169276
26.2920554403011
25.1010628515772
24.9375588222191
26.5110371380799
24.9377303557146
26.4118741172200
25.8712675976475
27.5357363688360
26.1033680426947
25.7974624710748
25.6972540424556
25.4258233431015
24.5518497736964
25.1071431701513
26.7092274657005
26.6557448405659
25.6904672960949
24.5462449336413
25.5474032114270
25.0566360362065
25.4943352618797
25.7141698599728
25.7162376778775
26.6146913127650
26.3635228946314
24.6197644351222
26.1817562205972
26.5912222472024
25.8919857970095
26.6432375124342
26.4108964081836
26.8618054378611
25.5367459094636
26.8082001390662
26.0542856838069
26.4768194169667
26.2780835611335
25.6502788964380
25.7346522242829
26.0850705754225
25.9917221901435
23.7899388493358
25.1791921588709
24.9936439189379
22.0038004581962
26.2966583925159
26.7795097333117
26.1888620307290
25.9012051707258
26.1245996178595
26.1444657663837
25.5215937327417
26.3592989950627
25.6238291184405
26.0473672961493
26.7171890019246
24.9776331564535
26.0205011908667
24.5672642429647
24.5897850058291
25.3172716710527
24.6416629085479
24.5837196158140
25.7685127193520
27.8020317491457
25.1250667485271
24.5677054316161
25.8177695055895
26.6880247462041
25.7602103123246
26.1091067813422
25.5207684220125
26.2139742778331
25.9824977208078
26.5196016372415
26.6276951668151
25.6819423428026
24.9850118546245
26.3835364482947
26.0974141466133
24.4134121264265
24.2518122046483
25.2895788515749
25.7071255537959
25.4128960474232
25.0671261986889
24.6007743057398
25.2758244165785
26.4635447717288
24.7768776839137
24.8810107876008
26.4817101063771
26.0087179298210
25.5203355516327
27.2431115525887
26.2926631978969
25.7284727301020
24.7573753850504
24.4807116306108
26.8923339408971
25.9443256280998
26.2393906053699
25.0298958175827
25.9817149997433
24.4990907055671
24.1936865061518
24.4626449364922
25.9633085722792
27.9896639318648
24.7352793842810
24.5791612000519
25.4421964342983
26.4099911173945
26.1258426847774
25.8761856069365
25.9309768497715
25.4710886145894
25.2688288021162
25.6759240534257
25.1467660018262
25.3908423083434
26.3916672958886
26.1706240269475
24.7503849927892
25.9368272007973
26.9304027094071
26.0627512033440
23.5723892201671
24.4221420628225
24.6884675358773
25.2313446739379
25.6747511013004
25.1351254993981
25.3826589362964
25.7084006601157
26.9569223020844
25.0913922130388
24.8260004822183
25.4507621760073
25.8531391838568
25.4239442367866
25.0322039299675
25.8377363288381
26.7032487483361
24.6598986606951
26.0296744632661
24.0582485807619
21.6947096581334
24.3064791089946
24.4947839665724
24.4683404590808
24.7019525675947
27.6563779618849
24.5431414274621
25.3911683655121
24.1141007989360
25.5038634241305
25.4974967472354
25.5805243464336
25.8595199080079
26.4829400006687
25.9149003768577
25.8959030131690
25.5842030937286
24.2019777907850
23.9459135815459
24.2663105708889
25.5261003228287
23.7718066965790
25.3027778074444
24.1020934283588
25.1324933233712
24.0629868247507
25.0792520765413
24.7784578818518
24.4836758473299
26.2299238009236
24.6812021868409
21.1412002773207
26.1145594381057
23.2618084981615
26.0101335682799
24.7568976197408
25.3614518544812
24.1944029962635
23.8610299777740
25.5614411104057
23.9050188505576
25.1410950202564
26.1770768958455
25.0292773832272
24.8389314025494
24.3014718252689
24.0868500014772
24.1650311176873
24.2520971935998
24.4370523633253
26.8935574645426
25.6063584477664
25.0637310589926
24.3999207454871
25.7572902620777
24.2497884853072
24.0358305102109
25.6683545038628
23.9274136816900
25.9294229134180
24.9259795498349
25.7122710565443
24.3984883170938
24.8698788234812
24.5191082603625
24.5417741229192
25.3419500913133
24.7524822121858
24.9035286543872
24.6048454028616
24.4945108573752
23.6887437640432
25.6478252355332
25.3622083725413
23.8307721037362
26.0419571978275
24.3145430712618
24.8325485222589
25.8941336101075
25.5174966450029
24.1773073095591
24.9869058902109
24.0772978758878
24.6413483675605
25.0581571112693
24.3675470372849
25.0717722947238
26.6714378687731
23.1413382013085
24.4805851582122
23.3319824834789
24.3578466158571
25.1051352450532
26.2316069866484
25.0377933868105
25.2102217542998
25.6263460492409
24.2227434288386
24.2560356877515
25.2515149022528
24.8955396190144
26.5280896724192
25.1523493676145
24.8316099498477
24.8914017167140
23.8164269758776
24.1234432393948
25.6895314287768
24.3245522176368
24.7372536481328
24.1361564668253
24.1079213391758
24.6020882611645
24.2879060977160
24.9944374456833
25.0537243492047
24.5826268754778
21.2706798658491
25.0846179056584
23.7849972314969
24.6560731728876
24.5956252712179
24.7099672242405
24.1444530538532
24.0634853140535
24.0478289295491
24.0983143226020
25.2239093152771
24.4841289617995
24.6919732676684
23.7567802910367
24.1962574935898
24.1959271752636
23.7206992653942
20.1491714268810
24.7979120684858
23.7019001497143
24.4209076342712
25.2241809313401
23.9099960019567
24.6729498931360
25.5290324242936
24.4853881821879
25.4941555984410
24.4878614684531
24.2368808263732
24.0926941845688
25.5348305893768
25.1503887795858
24.4431914946472
25.2167909714144
24.1373222782550
24.2623139835601
24.1512860145393
24.4721788894803
23.6954552398819
24.3592820124613
23.8228804964541
24.1203505682243
25.6965321617061
25.1820214164147
20.8099349095814
18.5444286303223
23.6151192219252
24.8642489375977
25.4646875947358
23.3558423680073
23.3598724974835
24.0527395650646
26.2856643407960
20.1619716085605
20.9991897611540
22.0807690284430
24.0512440143114
20.2488497520312
20.7461152730724
24.3309867301625
24.1837272941963
23.8711014391802
24.9777926819717
24.5888965742615
22.1672833564760
21.8823356888032
25.0320489416854
24.3997038758143
23.4440370426669
21.4420172729933
24.3208084728386
23.5464455123833
23.9638434908169
23.5666754400665
24.3166368939798
24.4465526654680
22.2517816550342
24.6508269210607
25.4390138713325
23.9794823818618
23.8811774754768
22.6110067036928
23.4131032592045
21.9913695018725
23.3039493147054
23.8384938358489
24.4061073544881
27.7679540301229
23.3977699888440
20.2321019759193
20.1675065475626
23.9200790266237
21.1131514965936
24.7889111333081
20.7925142649953
20.2573922976088
23.5917773615167
24.8477211729546
20.8881431448119
24.5667892087414
19.5600561878729
18.7773267635891
24.0873389134189
21.6844417567955
23.6776125969878
22.1348469164635
20.6656668205676
22.6034660979117
20.0688249803270
22.9708035681515
24.1474097909404
21.4248327670824
21.0044231616156
20.8684954266723
23.6040381723759
24.7427128461511
23.5407286493631
20.8626281143790
19.6876297752361
21.4396954455729
24.0982724228000
22.5607716247920
24.6774746780817
24.1135759087634
24.2711610410056
24.1164411910885
23.8598347200646
20.8203283076542
22.2553594933977
25.2972615230302
24.6806508980979
26.1401026800296
23.9795281403392
20.2370558795855
21.5759110933600
24.5454855751740
24.6150076696871
24.7642757502110
19.6109685707536
23.4692414352436
23.6135920439643
21.2333034019012
23.6465679435197
24.5801591795850
23.9497746595922
24.0989673777731
24.2532111962432
19.9501675219967
22.1698406288656
20.5609548375828
22.5457647686878
20.8100159769620
21.5745786173765
23.1373575941676
23.4448123304648
23.3900219350274
24.7906344208929
23.5858536076028
19.2842157905338
20.6236553049455
23.7855663996503
21.1021381705856
23.9151378925256
23.5292330813365
23.9590928805100
23.5930647671744
23.3276595205312
23.9685648913569
24.4881419792853
23.4490054258696
23.6388410600432
21.4486216953721
23.4155782251760
21.2363268294272
24.0812113686720
23.5372318781842
22.2788351076046
24.5070184637714
19.3669621788326
21.0743607072747
18.9360728128180
20.8512863045047
23.6701067490755
24.0462781652895
20.1968331211007
20.4667737867702
23.9154268004666
19.7135875956370
21.4218995211598
23.1921488376945
23.2708003370852
23.8497263083516
20.6378784354180
23.9603282030199
21.3356070518119
22.9899712993316
23.0624638179857
21.7403376090484
21.3991378133755
22.0832632838802
22.7586837614695
24.5997921099076
24.6793538014096
23.7365311139829
22.9571445390621
19.8963851107890
24.4661386289780
23.3169631258600
21.6948665982271
19.8605828552482
20.8616855717253
21.2089503669603
22.3025227295690
23.1569380286022
19.9992894735992
20.7308988277067
21.8466382586066
21.1562064026549
21.4900279084229
21.5011668855230
21.4528472379055
26.4117751913723
21.1438455962407
19.9382642103217
23.4662389429141
23.0833349646380
20.5894485281207
22.8086789147875
20.0616975948772
22.4806569433875
19.9823923049499
23.7243141063816
21.9112178469778
23.7575250962008
20.8599938122897
20.8027094676555
21.0680782932082
21.1119429537082
21.3823068631855
20.4550595721535
20.6394837760811
21.0714200782577
20.8251038868526
20.8521424096940
21.2016738545612
21.1740695446096
24.0155871889010
25.0996841005128
19.7818078271556
23.5636792021685
23.1856895584894
18.4816665761471
23.1754235908750
23.7499455601816
21.0206064041908
24.2481245642017
19.9468257285254
24.4291940800703
22.9466306605577
20.2527181018847
19.9060897739602
20.6212096561112
21.3033808675452
24.5130162163405
21.5976073979035
21.6700650342931
21.2296318944053
25.8377391558492
24.3061881323572
19.8778580121491
19.0845569828159
19.8195649698674
20.0246438708026
19.1760217977242
22.1585332444663
20.5033309126337
22.8687214435682
21.1553797317207
22.8983162004033
24.1866181256427
19.8244556426566
20.7522386065901
21.1308837054112
19.1304725583101
21.1725139946863
20.4914063822885
21.5118694341279
20.4868138442756
22.3296631157115
21.3411466788133
21.7891999967585
22.4329186770273
21.2532522583892
20.1281892848465
19.9158647996802
20.5373452806532
18.6333348252843
20.0648228720933
19.0065174502195
23.3669143114299
21.6360758939651
22.1263568321392
21.6251389474188
22.2246739725811
24.5261129531200
23.2164249998365
20.6917016008129
20.9669206615768
23.1888167130173
21.5467095936123
21.3187972012503
21.7534250785022
24.5438406712974
21.6786915429565
23.9120552502556
19.8085742928366
19.3464756677089
22.7829583184612
19.6871882858109
20.1863874095423
19.3756652076805
20.3122633053581
20.9777597531146
20.9875036470355
18.9529051849492
24.0824871195718
20.4387822355832
21.1172033352004
20.8377443885998
21.5432201227734
22.3870675297394
20.7836404619008
22.1109809049508
21.6791808904562
23.2000243134652
19.1170586878270
19.9119674964237
22.9897124003667
20.9072552591964
23.2852854265847
23.9086212425499
18.4709298792141
19.8469180603449
20.3167154577302
22.7172021008280
20.4310924507475
22.0374770093603
18.0482249330790
20.3684541110422
22.9117051645475
20.9622547686495
21.4941349408693
22.4384731044410
23.5504525897553
21.3381595247025
22.6197141536101
22.4113252454643
20.4816213504874
20.5796770460842
19.4812573516805
24.0310551932468
20.0541995082277
21.4898289735083
20.2747798056579
19.0675224650244
20.8245579191817
23.2913994305935
19.4373369291397
20.5077167582650
23.6748845216680
20.7184821527948
21.6292689426695
19.5439318129998
21.5719034867825
20.8238841204728
21.0903795492373
22.1644962136766
18.8075377210078
21.4920080224395
20.2075018223815
22.1685898354682
23.2223167113247
23.7230027054705
24.3603129442153
23.5585386174466
23.7840375108407
22.0518199435756
20.7253233496037
20.9001257574947
22.6411665074590
20.2547726292536
22.4696660318047
21.3687369771478
21.3379054961981
22.7439980203997
22.3300667230829
21.0363959054709
20.7421447753612
22.2005672051970
20.9296021584309
20.9330926168055
17.0095925982214
20.5419752736927
21.9486741944830
19.8949014707155
23.2111615868172
20.2063789210742
21.2996955554410
23.3770464463760
19.7896952202088
23.7068375867448
20.4122218007267
22.6313409291623
23.3665083704951
23.2721638039328
21.5046034804060
23.2558111032988
22.0750676338748
21.4729128945784
19.8947490226600
21.9369684824991
21.5878157234025
18.4733025955110
20.7204670804819
17.8537150297229
20.8468614785331
21.0968750612491
24.8108871679346
24.0528062498658
22.4228801556610
19.5937922002350
23.7110132345275
23.0989027048774
19.4555777787650
21.1502538708371
22.3181692603818
20.2604454639023
21.4908883059750
24.3004074879619
22.2261877739304
20.7039028331023
22.1309047824179
22.1797709419997
21.4758995950479
20.5651326759755
21.7972951887429
17.9748169319755
15.5057502121621
21.5338223006327
22.6333509120824
21.8715046666180
20.4995830589772
21.9303255731982
22.4496262261620
24.4253687644872
22.7574392477303
20.9441894546635
23.2347543393188
21.4236971749273
24.3577689218495
20.3320602194152
23.4606747088129
20.9000868428625
21.8018241679327
21.4273440275913
21.3227987312147
20.3365375001317
21.0959810710069
20.6646211754456
20.9081558582148
21.6092207095091
21.4894631250312
21.3014904638720
25.0228141656548
23.9367312022251
22.2131826639915
23.0066050449195
23.8944234899568
23.1609753844176
23.8059810423830
20.1326595857274
23.9584678791228
21.6948932079416
19.8984193078123
21.3068285885198
24.2366396002955
22.6514149600461
20.8030729426819
21.3748723652160
21.3305812335831
21.2179518299823
19.7044788372036
17.7604156798704
20.7671525029277
21.2621874753536
20.4605091631065
24.3339464011234
24.1315324454011
23.7021291877976
23.0831031276967
23.2383102326861
22.4671179107538
23.1364980442198
19.9299070714474
21.1835619313623
22.8981874139730
20.7961891192036
21.8261886418933
21.1299015345551
20.9656605863568
20.7472859758159
20.4274126031366
17.5278922167690
21.8737859687564
21.3824008199100
21.5067928198514
21.1219660336144
21.2605204173979
20.4934296414232
24.1253188753924
21.1883528473516
22.6879338970240
22.4831580853567
22.9881506611853
20.9108469653005
23.8344790962953
22.9519236343358
24.1286654609753
22.8905033070985
22.8621462240079
21.3225842714950
21.2015575344098
22.0549131533657
22.5288142707350
23.1376089384461
21.6196572718333
22.0340555154837
18.2181475523264
21.6455855009590
20.5958274896997
21.6240838465280
21.4558855768776
24.3519552306110
23.4050271190751
22.9154393394504
20.8456693922094
22.4417552488166
20.2464488545818
23.1561103125815
23.8167640720574
22.1365533539272
23.3779435682654
23.0585127021408
20.9651738965010
21.9191827558956
21.7974884092939
21.5198216823465
22.0410739552320
20.8473820850411
21.2830424739534
21.0426369851532
21.4056739039076
21.0548371053054
19.6154464229420
20.1506990114254
23.6624389021199
23.0540242937359
24.3303185565431
22.4677372003669
23.2317912913813
21.4425132773426
22.9256715062812
21.3260581278870
23.3265715415038
21.5263621046714
23.1454927323110
23.7897863646031
21.2964426416480
23.9407287476471
23.1463064347444
21.5440666191636
21.7221118895527
20.3504059792213
21.8559291609879
21.8663907086471
21.0428318724324
21.5226545314370
21.5009295142878
23.3144488050169
20.1818499431729
22.5686290311061
23.2851966519645
23.2109435273411
20.5601106846723
20.4228332948987
20.6074560887228
23.5290280799491
21.9053404619013
22.9448563247342
23.3458131614586
20.7669747189592
18.5369280751948
21.8719541312088
21.1951978770059
20.3080284842469
21.0384035427563
21.3622952470769
20.9977399882905
20.7842757450426
21.6282800616031
22.9681707138633
19.8085858244717
22.5091850728001
23.8961966559121
23.7332216207720
23.6225762457333
23.2126960295804
23.3114182549749
24.1369921088574
22.6821489805335
20.2550678703708
22.0765681642565
23.9620131623701
22.7415341124386
23.4580610641734
22.4082328191782
23.1563577486298
22.6587744847990
22.3517438683438
22.6533767078640
20.9780020948323
21.1180348191920
20.7853342851753
20.7226046915229
24.2935544038787
24.8084628675759
22.5853359315895
20.9760702829942
23.5743999791749
24.8116518567226
23.5717682552151
23.5616869365648
21.0123694030493
22.4772405412476
21.3871816872889
23.3167625063544
20.7514048590833
23.1179365344701
21.9787840320071
21.2126410453400
20.1221300873018
21.5681172452573
21.8541568645746
20.5060912917380
20.4025908147951
20.6614070734909
20.8556003187286
17.9643511210717
23.4087826518492
23.6100102649320
23.6004843788122
23.2716703224362
22.9715343890790
23.9792545008515
22.9175284113362
23.2749574058086
24.1966799452519
22.3880529277130
24.1297097301937
20.6240227622530
22.3568814079255
23.4836984168501
21.3307374651178
20.7724229215117
20.8004975975341
19.6534400787527
19.5538355388445
21.1433256422495
20.1000024583669
20.4525166489891
24.6710915052146
24.0962778088262
23.5339688625019
24.9537522446168
23.2443882956243
23.5396056414040
23.0561641003476
23.6391412942888
23.5375532611117
23.5668017444339
22.8040280325678
23.0921426639267
21.4498368902661
22.6504956154055
21.9987365386722
19.5646422475024
23.2254322725281
20.7167935421721
21.0717343912978
20.4498198983441
21.8913128094922
22.3973729890210
20.5101017388422
20.2456439647001
20.1777869939658
23.6028610688503
23.8236020490185
22.6148647100606
23.2878822026870
22.9091761557363
23.7059349894307
24.0231771173463
24.7171560832136
24.4047800585672
22.9131594985421
22.6020191372519
21.9677143642734
20.8316046881649
22.7148134254913
22.7371442364166
22.9606870359345
20.5580199525625
22.7710018673595
21.8777607644642
20.4969858992677
21.6736987719010
20.5954616919285
26.0141282915412
24.7791517352188
22.9297766287730
22.9557957320357
23.6017430301773
22.7526691299743
23.0486482883970
23.0883150799230
23.0785355447851
22.7294158518565
23.0473802988192
23.3248979982366
23.4834953636312
22.7409432754046
22.2882591049474
21.5387091560878
21.8016643262586
22.5954201429422
20.5345896700810
22.1717796810586
22.5778032331052
22.3582278763013
19.4298776658378
22.2030409786376
21.7985307190271
25.0641558482615
23.4693021239120
24.2632775355523
24.8286763046231
23.8967044118518
23.7433257993996
24.0457764609815
23.0449033272066
23.2683725141427
23.3270395775394
23.3521821201758
23.9971680458778
23.1689686713900
23.2464890375214
21.8872530881754
22.3857970044166
21.9406156282484
20.6917022192193
20.5865111623455
20.5228763804640
21.0999612107360
23.2502283149216
23.7610509043803
25.5574867737074
23.8492447182537
22.8546938086532
22.8165012414242
22.7780475360595
23.0962239433435
23.2646092942176
22.3590771195475
22.2181967911574
22.7758711427679
22.9057552087335
24.0094049804397
22.2049200060212
20.8608917993934
22.7666504322145
21.6283426515893
20.8037001755792
23.1605799451205
22.3796337841950
21.6921305834412
22.8408255453194
21.7736818161674
22.2465226420920
21.2028679601961
25.2693089155082
22.6300965785897
24.4673154822417
25.1028512981849
25.1345730485742
24.1076089123891
24.0284710794157
22.7332767069051
23.3867525803499
24.3232795690994
22.4383143593050
23.1220431009473
22.8230802147487
23.3873851833789
20.6036658048725
22.1322940734468
22.9251824406283
20.3171786690445
20.9216874087526
23.4278011117800
22.5847930665108
23.3367047567256
20.1955252655236
23.3068946017542
25.0882445539290
24.7759594626669
22.9688544744759
23.9835137160174
21.5813803158829
22.7388946199236
23.0394649046410
22.7431264026324
23.6275522368784
22.7542820286716
21.4740424814463
22.5315007991128
22.4121515083571
22.3097733998817
21.9705692834377
22.6706211322851
21.6517979447955
22.4574854508234
21.5663481281009
21.4026121552664
22.7728426726443
21.3349110197721
19.7087964754272
25.0243756483343
24.2850499879605
23.3713375845438
22.9414286929847
22.8452570944635
23.9923397346856
23.1765363583725
23.2167803091998
24.4120028606439
22.9762433228636
23.5805886756473
23.1540007500483
23.8260066287747
23.1349232944087
23.2218220322423
22.3663000916752
20.7981533766439
21.0332343811144
23.2359783664713
22.2801138580311
20.7174124238019
25.9482771287239
21.4879275059586
23.4085065030969
22.9863971313715
23.1145180289307
24.6846733850771
23.0166181107043
21.9979615208642
23.6610868946700
23.2754238992707
24.5896069157898
22.6730436782494
22.9423566180027
23.9385546569245
23.1364509972938
22.6535801811992
22.1723753445509
22.8780533005052
21.9056645432068
23.0805483620318
20.7891660525240
20.5921771826545
22.8134825968252
23.0011966928816
21.7223948118781
23.1589895353081
22.5147511630247
23.6947832075281
23.6009186947282
24.3082429865676
23.0994060056617
22.7558481932270
23.5944526199373
25.1368399360640
24.4353232198623
21.7252870554370
22.9072228540653
22.6122873556317
23.2596765012617
22.0419485955696
22.5435790173781
24.2689123191727
21.0428649035308
22.1057796377539
23.1064215668257
21.5215341415693
23.7862338990118
22.9399571012189
22.5743245988369
20.8307372596479
23.7304516129774
22.4507349927792
22.1791571313118
22.9372456720578
23.2521440949761
22.8264841179700
23.7096593349221
22.9434142761336
22.1591092645129
22.4802302794517
23.0723291438210
22.9110989052159
22.6226972068318
23.5448701616325
21.8928116955515
21.2957765907975
20.6948176711352
20.2188133695289
19.9978842614365
21.7111131967762
20.7927233408579
23.1990677810365
23.8128583761363
21.4036824056746
22.8527661497145
21.9574337404244
23.3801596061394
22.6983009620347
23.0938562472360
23.0705070426361
23.5879833643117
23.2594713342980
26.2257677198586
23.0767789972404
23.2465728069013
22.8540056744163
23.4658316146994
20.2991633050292
20.4659974287024
22.3286774389933
22.6462977489665
22.0756581952402
22.6428862601090
23.8703283016068
24.3775828799261
21.8428458614249
23.1643745181318
22.9475507606827
21.9322558135187
23.4484816036945
24.5052940125628
24.4691234771615
24.1977521919218
22.6572200412485
22.9733807779499
22.2752445517042
23.7800416442859
22.9823193120447
21.6462191822350
22.6811042945581
22.2104114126288
22.4507718758411
21.5792573858545
19.6318294990668
20.2255136211243
21.1045326147564
20.7261722552461
20.1407087213274
23.3014827671986
22.3655614399289
22.3657575881472
19.9846296988552
24.6873064499839
25.6450296519360
26.2805082331964
23.7197858242359
23.7273506812206
23.3087358678291
23.6858945692429
22.9905940546371
23.5142426768932
23.3310528689283
23.7772711249816
23.7888749936357
23.8208930222861
23.1352108831181
22.7592995233155
21.7588790852202
22.8726101740240
21.6914074337686
22.7862677405323
22.5261256987800
23.7120335306572
21.6423933441022
23.3381509119474
20.1205008326736
23.3863852706450
22.4048618225061
23.5000209617898
21.9679178874670
22.6874212526374
23.1609754962038
23.0443110215433
21.6922025005942
22.7444705675312
23.1756529348851
22.7468263872646
22.3784504083079
21.8055891338763
21.7719063373814
22.8828766905212
20.2941872713813
20.6732667922559
21.7839437085325
22.7670216215243
23.1376753521029
20.6270222101392
23.0735346356346
19.1163831597089
20.7405885921810
23.6507957331084
25.1787283402360
23.5552902875096
22.7299227219854
23.4630230726125
22.5828115467323
21.8543568985881
23.6722552883994
23.4192558900548
22.6518064429118
23.2864870862049
22.9419933268439
21.3650437320461
21.5554278745711
22.1307835861994
22.4953424885743
19.5190692882558
22.8447621516815
20.0615465053943
22.8397733464045
20.5193881982025
23.2221453287971
20.6188599984012
23.8244714777805
22.0467199174304
20.9704502829443
22.7333812348161
21.5635408830937
23.6696531657351
25.8151864221129
21.6553894076816
21.9649947434804
22.4645998179515
21.4601284102565
21.3706374213726
21.8872982594684
20.7961310365000
18.6133555919629
19.4784505813301
19.8954680996453
20.7518201993410
22.2514527267063
20.4649827484045
24.4930346401765
19.8313350419167
22.1174858978976
20.4492124029334
23.8109269591622
19.8271726865797
22.3113828981149
23.9306468418483
22.0734239849971
22.7348288821494
22.4178882912173
23.0014829695386
23.9449811447334
22.8174316927768
22.2883720396328
21.2593928342462
22.5024827244177
22.1035866862132
22.3089119368427
21.0709944132666
22.3135140450609
21.2448811825659
23.1766292636770
21.9941304991203
23.0529816917538
21.6381218916127
21.3914133329400
23.8358951247578
19.4044598136785
22.4549927074421
20.5644632274380
25.5860831662985
20.9041392421195
25.6291964671980
20.1616424170090
23.6507628144492
22.9297700357977
23.8246097872422
21.6058707446648
22.7896648976714
22.7532629162281
22.2104356953525
20.8675631904307
21.1695713820239
21.8154824205585
16.3787029466409
23.0219214728732
20.9306495838117
18.7059267548269
18.8060043653377
24.0345967810477
20.4187638066703
23.2450159684181
19.8988165143084
23.4290393759741
21.4051591046383
22.1175463638994
21.8367726186777
19.6677490485886
16.8110457405038
23.3033878362613
22.6219864284219
21.6748477519577
20.0939053194515
21.7082601033268
19.0092924958912
22.6776566187062
23.7420537906284
22.4878816034602
23.1933432195871
21.0242189130061
21.7685880246137
18.5485629907636
21.2863893871016
20.4382538058611
19.1288591999469
22.1769411613779
20.2415783622977
19.5805193429721
22.6387864531730
22.3569014930782
22.7004347224533
21.2206729742210
23.0538704445856
17.6528598586606
16.1043386241858
21.2761073921927
17.2350539557116
22.7751033178028
21.6994528677081
16.8870331325240
17.0690058244080
20.1652458678095
24.4684493753030
20.3017242490567
21.2816835584152
22.3245529204994
22.3845312716670
21.4339310706172
15.0686844182287
22.8091689988756
17.0288178451946
18.7483569061070
21.3037980632998
21.7698627436455
17.1622513771209
21.6710575285024
20.2488447214950
21.2237464851028
17.4936224941819
21.4042708993071
17.5845896078463
21.5942330985749
19.1288071106538
20.9565941844331
21.7175813067745
25.0246905368736
21.4300594549916
25.8587885300553
23.8304375864942
23.8501062622419
28.3077763186194
28.9746914521081
28.9469715930453
28.1238129939306
29.6147985379624
29.5382128508796
30.1986263106489
18.7466729684153
29.7916534285228
6.25022376775043
32.1294988956357
6.59338171169997
31.2260847464140
15.6856998166197
6.66229968603261
30.8436864732248
31.4928208441478
6.18638387017084
2.70905521717983
17.8952743065011
3.79810071787116
9.31995477114227
8.82479857077417
4.44752262726185
10.4116593787152
10.4210766959667
5.15312627318346
9.06986955455608
13.6295354552675
27.6701323121524
3.11314414764835
2.57324495266958
22.1173331197210
11.4320327680589
16.4826478344106
30.2158975068970
24.3414760499345
24.4418050138057
12.2475966255367
22.1779688129147
24.7179718602594
12.3722592876556
7.55754938540611
13.8828283794443
15.6655594041572
12.5346236373747
7.71326667748824
27.0463118185748
12.3248641356466
8.94436938214423
15.8718804266005
12.5488640300598
13.6714273396271
23.7324839070944
12.8882667956803
14.5926520088910
20.9678893678509
23.8924455530683
13.2180046379332
11.6271995945548
19.4127779647243
25.3703240745204
22.1799838818577
27.2628557757137
21.8073909002924
30.7344689122316
23.1201810811569
17.4015668666359
17.8891345228038
25.9531963021971
13.5978684711118
17.5216369941656
24.3094254266738
24.0845792239561
25.8470701057865
21.5374820910739
16.2864136973994
14.3087449787569
16.3873264096724
25.6174355521160
29.8031352613945
26.2719910835250
15.9921831940675
27.1267180730599
20.5003530406605
11.1815002543485
11.3668743791000
9.46782515630410
24.7187574517125
6.67871413205780
27.3276564260042
25.8557462779573
23.7837978462898
21.9980665820498
17.9483438335622
15.7116891435314
13.2425384378911
12.8042652888314
24.0293340857550
6.28256445277618
18.0487935989649
9.44717399102483
15.0728817317607
18.0469486393018
16.5056935803876
13.1111460346995
26.6123296517449
30.7201582138538
22.8851377154817
9.34908771541991
7.99857281620798
19.7059865409371
26.7600061977558
29.3578584879023
17.0264477313977
14.9395497641535
13.3788199297288
12.5451820319771
6.77620836508500
19.2959296262407
10.9646540220327
14.1293522556873
20.0643406999379
21.5736444375913
10.9639346783309
10.9418671777959
21.6893836189043
9.59419332878264
10.9729446170624
9.75056261050072
8.00536695585862
3.03315382473510
16.4486260011881
23.6248633353136
13.6148503569268
16.9653201226885
15.1474381976545
12.5967137332176
11.1072106629066
9.82647696923091
10.9671335837402
10.5477591044763
15.4224199351544
12.7304509446027
7.95614660677240
5.30855757066872
19.9741768341074
14.0932248685972
16.2968560638206
20.8700895243221
22.5832438976684
21.5587187532917
19.3511839420801
13.2554214892798
25.8073808580937
15.0906137468082
3.76316248954701
4.97054596784728
1.87842047189335
24.5073740452021
29.9194347925273
5.57471289757848
13.6197358914584
14.9860409089288
10.5050792341423
28.6531805254524
4.40846914697222
1.10789281320695
8.70363745620831
8.72221300482652
11.8422611572348
3.21740624408539
12.3588882255522
21.1305032774018
24.3260335836901
21.1049364242173
25.0397777941660
4.04345420303843
19.0650815959331
4.58780831807394
7.35358227396814
21.2601099540504
16.6126638063431
12.4028019954172
15.0477485491449
11.9300703314055
18.8129654777843
18.7520024644617
16.4459279293126
16.1614288302166
16.2846556606049
15.5949423798678
6.08579398918928
10.9593350615252
11.9612100522165
7.09095357867762
14.8945554875321
8.48476089905361
4.79882450773934
3.79798014802186
5.02262770325252
4.97991957968646
14.2501505588320
27.3089799412684
30.9668018847497
27.2778617636561
25.8739572785447
27.2414985311890
25.1018288470906
24.0590553759346
30.2649272083333
26.9598953910627
24.4836932961000
30.2108812519880
26.2485360581383
29.9555442906475
24.4918305968606
30.5910837789414
25.9919533602251
28.2527300501021
30.3443304542326
30.7003677346280
33.0612640988321
9.67442272988245
13.9978841816271
12.8245421507359
15.7276074219529
27.3973138031637
16.2985187553991
23.5150558909836
29.0880834114935
12.1025310312163
16.8175365258319
3.08056796082854
15.7287647912548
2.75750862658727
7.79518543995283
14.9857820487161
7.41823037288497
13.8226383277459
31.7008072162869
5.45769651706027
26.0918335195647
24.0593575579083
24.7497659203521
6.47476299787777
6.18173762048277
3.72822085337302
10.9563370367621
2.65804380324916
10.6860565829702
6.50158606744390
15.9608214882183
15.1738100663798
8.56058716150067
16.3343857890098
2.34548566252355
7.91974485837797
21.2878381332490
9.08228593480417
4.77871056738833
20.3318761541395
9.86509609112738
14.1898317005508
1.41444948217452
18.6792479067823
14.1158285326854
27.5772785626382
26.7096422021775
27.6364750090544
27.1269680311844
4.58234298272769
24.1852172435974
22.3767571354684
25.0609508981358
24.7385060795717
23.4826521625386
23.5411105495385
24.7990351498884
23.0984385030184
27.0143562088179
26.1396227873100
26.4827185974227
26.0130182884402
11.8024659091437
5.47742802494590
7.22415878713024
