28.2360624154266
28.5696519753714
28.1081791037543
29.2411578555561
28.1443835797690
27.9984633709976
28.0017738067238
28.6173229657382
28.7434146976223
27.6900820094047
28.2591177265568
28.8903991148293
28.7962974796126
9.73413282706749
25.7494655516282
28.1404706698677
28.2088025491705
28.2210989841598
27.4394295945472
29.6826557496373
28.4706515008077
28.7941262444562
28.3343882707515
28.7922242665419
28.8779993246088
29.5661229543395
28.8669381385181
20.3480382071733
28.0972204293033
27.9694349668438
28.1587399474045
28.1119362435194
27.9563027314014
23.7383222437791
25.1333563702632
15.0504784464638
26.0720584725176
24.9233609304912
23.1248688069669
24.1928180921323
23.9133457871979
24.5812219037633
21.2376009008247
25.0283237498903
19.8532810988649
20.2439320193544
26.8831947474778
22.2501671690105
31.7041256160943
22.9334534471871
21.9806084105161
23.5241653278459
23.0873597841267
19.7697620903461
23.6767437739258
24.7700718626220
23.2604654642435
9.98096348919976
20.3201989996216
26.3062542091699
26.8506030980484
25.4454313243124
24.8458426347958
27.6233193309837
26.3742790939468
27.2245010710604
26.1268687349731
24.8188403558700
27.4576095963740
24.6270039892253
24.6597150384090
24.3743399487472
5.89708426876483
26.2634940635377
13.1453853458962
26.2787856347568
27.0498621553601
25.6338163998832
26.5706610842186
24.2185064916608
27.0110207263005
28.1821190585887
26.7502916457731
25.6166225549687
26.0386389757044
26.1262572129144
25.8250995828473
26.4839801373261
25.0011895277675
28.7847871846172
29.0848551102953
25.0487700712406
27.0432723040054
25.3111852485003
24.3285563944813
28.5579080235274
24.3482147920508
27.9492984059604
26.0879184650423
30.1027896527107
29.6547858645163
25.7964608831131
29.9128492450019
29.0017230615841
27.2656025327322
26.4389178578716
26.4775215557689
28.1539747604078
29.8256205838558
29.6849071389523
28.3064980746417
26.9166600524912
29.6090061469896
29.3910149352009
27.5471207496520
27.4728492669127
26.5211000662834
29.6500695244008
29.1073832202364
27.6883273093168
30.0255050568767
28.8364698191508
26.3722779334797
28.0252335131596
27.1212106483819
26.4061359224695
26.8232455142428
26.3952836334689
30.3420823287671
30.4482778829455
30.5907752385760
30.4776628896709
30.7298653830150
29.5308264212986
30.2319636655762
30.1171493465566
30.8099111277782
29.2671386730690
30.6088992573341
30.7908828885007
29.9561424115762
30.7208426183696
28.0662160857693
30.3019520907036
31.1072394361091
29.4936461040664
28.8769639896071
30.4133841997972
29.5769010885537
30.8569114734265
29.2172590204573
29.4569281360942
29.5794567015353
30.9948288856130
28.5188214277769
31.4593188330801
28.8711005448501
23.0819551401930
21.2723315032624
22.4360549200363
21.9037279336853
21.4298934755468
21.7986183269227
21.6151528378504
23.2764600792128
22.8474380473686
21.1223256971880
17.9044052362303
20.7867023575164
20.2362677792042
23.6705945765219
20.4435313290726
21.3254226860965
21.4139300145483
24.4072754327259
21.5120011530193
26.0248676206120
23.4434269577659
20.2251801224295
20.7330456982102
21.8639173541079
19.7120183731019
21.4670815852253
20.2925595164468
17.5454561743942
18.4988817359985
18.4662285734060
18.6019354560569
18.5599655071006
17.8683434179414
16.1310390764262
19.8120958121792
18.8356749857258
17.7135684686297
20.6156192870508
21.5708734517219
19.3478899504343
17.0919307758370
20.4572551608197
16.8602055204511
18.4053993934667
18.3070797895137
16.4942706665218
18.1324429978903
20.0736508938329
19.0126829762464
18.8330101003617
19.7698774605221
18.5106231776498
19.9583402490812
19.6204072526102
20.0239364075434
20.6618551862109
17.2718653622050
19.9652146756479
20.8497693784833
21.5819424912553
20.4516591457691
22.0605955138863
21.1306844505860
19.0510006670714
16.5139015599782
18.3632798296476
20.7577853101805
24.7169187265874
18.0751758428541
18.6767256743608
18.8275198087075
21.0659120345279
16.8981141585051
21.6165128021418
18.6424259528168
19.9279000158194
20.6636762953141
19.2438964881638
19.9298675736435
17.5200417632294
21.3401221244546
19.3702853930020
18.3918028721896
20.0078064407594
17.9411519478667
18.7551942653932
18.7333771077662
19.2812773849362
20.0859696123555
20.6685782008755
17.8849859768134
19.8364560867137
16.4226851606027
20.1410007053199
21.0093449284813
16.4630588058183
19.4353246618416
21.0183723115612
21.1070139006603
20.7826387886452
20.0990213745481
18.0176612320508
23.4292914394337
19.6166790607440
20.4942931743884
19.7807241099262
19.1286169021256
19.3564757935765
19.0073869656096
20.8687714820350
21.5334154783543
18.4655707985276
18.1681265914851
19.0260785660181
18.8848380501178
20.0424746513615
19.4756189815553
18.6984770590144
18.5343013776274
15.6828072597991
18.5974998075527
18.2471647873573
20.1785605614756
18.5023842197496
19.7186646862183
20.0867330101707
18.9812622763786
20.9585165099166
18.5181162577905
16.6389852859689
17.2444164808189
19.2687677999068
17.8510949578087
17.5097343859526
18.0667828101516
19.7201407363259
21.2222026747450
20.7454023435155
20.1777998693321
19.2831336417914
19.5273474058562
16.1828322837575
19.8223317026012
16.6484339653057
22.0999491511353
21.8811436413973
15.4330712820200
20.2671355858774
16.2901076395267
17.4342618043255
16.9957714370534
16.7453005886801
18.0408993406791
18.6749937627428
19.4496485324752
18.2048519838593
19.4140830408433
29.9852833581679
30.3618009647548
29.4706289519894
29.2875069748715
30.1025702500647
28.3384972484518
26.4135006006974
28.4467050112276
28.8000232723585
29.2579933786079
27.6348806929490
29.7203495611910
27.7715744465911
27.0469609102892
29.4409499439945
28.3034934828669
28.0284711407391
28.1613938314812
27.7659156159296
27.6223889607047
27.3773261062134
27.0680458667473
26.5122202286345
27.4144110939440
17.9513146195636
15.8339465982344
17.8031025787930
12.5759238130413
12.9771315015323
11.8340590060546
14.2995304570876
16.3734382428695
12.1142363646608
17.4569541239195
13.4645676456978
17.2694306706646
17.8833812090137
13.3112922534437
16.3703379725092
18.4288226203010
18.4606308504104
13.6263797175341
14.6343955500248
18.2100023130812
20.1058281080155
17.0271981241796
17.4699828414818
19.3782652627114
19.2197906745986
15.3812896322130
16.1857172998751
16.1693728728431
16.7381642198721
13.7880967349524
16.1658830919378
16.7008511840005
15.9913134907162
16.3504817736974
15.6290442094031
32.0657298446570
31.9406254266866
31.8733564672358
32.2530818510598
30.7474306802795
31.9560063297196
24.5534409776399
24.5903141273647
25.8166744639701
24.0261178832523
14.5312375263567
20.8961523039646
12.2297116647324
15.7867487446136
22.7208015831183
22.1725762605081
14.6511537689822
19.5667569627783
23.1174868108687
23.2565522343245
26.1280507232041
24.9344791061443
27.3313684990443
24.2280958803893
20.8252593207944
22.8105594466819
25.9103797061119
23.7057508455635
25.8702627660465
24.8690357249628
26.5633414464953
27.9319146820703
28.8431833849900
26.8793730887086
26.7551529870628
19.3129706068194
19.0911387041906
18.9182464194405
18.6344809565059
18.7425907067879
18.2067405776967
17.4873814698943
18.1597262138936
18.6822266572818
19.5153127719102
19.1567942753961
18.3472654490592
18.9775135500391
17.6668371165489
18.3767991033512
19.9350977052622
20.3242302939818
17.8284529632252
18.1663929532153
17.9674130476764
17.7314949634175
18.6575398737313
20.9086692189820
17.2766976627157
18.3756306658752
18.3613676347784
18.6727359073545
18.4376080162331
17.9620492399173
18.8173800403574
19.2199836073807
18.8588828726320
19.5074218737994
18.4755801671819
17.8171681102447
20.5528797565098
18.3149685070315
18.7163017006527
19.0142755471456
17.5112391510153
20.5555416346559
17.4381930256388
19.4040976620669
19.2380893156221
17.6168618690621
18.8346485487988
17.0522817310640
19.0671831461856
18.8054090850881
18.4339413372910
19.1848490828116
19.7123645677706
22.3401105460820
25.6122433055870
25.3760501647160
26.4012894159326
21.1997834326327
19.4740162645579
26.1676652946203
20.1824497056118
21.4315097305740
20.4109785078982
26.6509654135422
28.5017142815857
26.8507772858205
20.8510043256002
27.1315707829729
25.4377019459496
19.6117148633957
29.3354389818198
19.6950340863875
20.2438241294285
18.9976849873548
22.9424548075591
23.8724549432776
23.8481482632696
23.6684631019523
27.0765730604412
28.1342029966960
26.6242993148459
26.6389123297866
28.0044935386328
26.2335893209994
28.2321161749854
26.7875510064888
28.8222654891834
28.3162202597250
28.0802902042931
28.9966349573652
28.0752038231229
28.7682695893856
27.0720537861751
27.6392022950404
25.6709808339705
28.5999228900933
27.5866394075515
27.3237792992695
27.8082730064744
27.2728112995178
26.0017786882648
26.2661526360037
26.1205457075662
8.34285237105317
4.13702478487784
21.3300409417997
25.4964530428126
12.5204395367774
24.0950932086123
27.8890063756931
28.1628999045804
28.2835235704783
27.2137367935135
28.1881031848751
27.0768671957002
26.9767594997322
20.7636017932639
17.7931423172076
21.9304389165280
20.9473032605475
19.5766847609386
20.8903840805723
16.9330083246340
17.8180036060785
20.2425160538727
19.5706598323541
21.3644817598812
29.9633701330073
28.4681883183616
29.1481938410607
27.2916604663334
20.8067816846790
12.5736629240698
19.7863653134324
16.0848839794573
21.7730025196902
14.9595587730319
22.9161252727166
15.0123711050967
21.7673956758279
14.6505976012118
16.1615797345180
21.7853191055634
21.7103469994607
12.5804605325863
21.9324433921099
13.9542888236590
22.1924704463136
15.5376916711095
16.0314152030627
22.9744785640933
13.4398931484864
1.73666863171232
13.5447163882070
11.5317773809289
16.7827130772828
14.6169783257643
13.5983938697481
14.1226319559802
26.6902756236925
11.7678397949431
18.2104656780194
18.7706876763367
26.7596528593406
16.9239976148943
26.9735431989359
27.0404394707018
16.7293119598919
26.1019294289571
20.2826516233173
26.6657223516043
25.7979355954112
26.1836519345468
19.4487247992097
27.2484296737010
26.8527057455357
17.9930946701346
18.4397241964503
27.4921563800971
27.3459184778760
13.5887437658204
13.8580715733163
26.2827381072548
26.4028247087708
16.1154846403615
26.9236055770285
26.3378875295676
12.9538193223767
26.3688728566102
12.4489021230329
26.8644188756067
23.1735963213958
26.1124074974101
18.6580062295506
26.2164695755239
21.1998847455306
25.4952447409599
26.4315177519446
26.3333886531024
20.3922923018788
26.5412960235315
7.53581885387197
24.4823723926430
17.2511690097267
22.4853813692324
23.1319816482315
15.7954432996157
25.8860538056075
21.9679214804865
21.4577434140839
23.4469541833259
22.3033749266354
22.3528452978756
21.5300348069472
23.3357451878544
20.7359338497854
21.7643265312722
22.7827901705298
19.3447301852808
22.0897992084185
21.9074801965726
22.0286989496028
22.9877922185998
24.6420533387561
23.2504553850307
23.9121149592122
22.1372968766806
23.2478991333230
21.1542328313488
21.8080316489714
11.9753079107189
2.89903698559586
8.98925667010825
29.2287770105798
24.0812548784290
25.9913216107105
26.1180555620048
25.0394235393916
24.8587966098105
23.2258709600448
24.9674366482169
24.9567679335589
23.9997090020928
25.9169199566955
29.2608293706163
24.2800375913856
24.8494553543666
25.3928528105151
25.8319984703985
25.5580738415875
25.1325197559990
30.0427134289006
25.8401996999367
25.9832974305961
25.3964565582594
25.6009435899018
25.2770703713171
26.4764835775509
25.7317337933202
7.38860088588595
23.2982644042971
24.2956998256592
24.2976887612919
24.9696003137471
25.5527851381672
24.3918457851365
24.6427005120365
24.0864355607622
24.0629162126470
24.5236055491102
22.4619533077300
23.8810914135884
23.9400244428223
24.5209183129437
22.7492055093260
23.7202004792096
23.2903588846436
22.5885527959583
23.2135868638191
23.8199539123635
22.8950500618837
25.3890361775683
21.3444217276261
25.4061834784889
23.2740294315425
25.0347404838611
21.1310285420110
20.3655340309489
22.2244393324471
22.4001253853373
14.4732206919131
16.2895844387151
23.2145663393494
22.4639097767410
21.3595387773597
24.1937389180052
25.3619929982948
25.3540184770159
22.5160677037039
24.2358582209726
25.7658877341794
26.5432070576490
23.2846033173120
23.7149654849339
23.7812376811957
22.8102845042242
25.1983043205245
24.8798556715520
22.4441637409215
23.9823800356325
24.0350190782140
24.3230837000663
8.21829156572282
18.4830867370734
21.8629386734055
25.0344150863432
16.9648515099165
20.4703217030759
25.3215171507877
22.3224603287226
12.8516559274765
23.1626942098810
25.2125429569128
22.7877049891614
25.0039249262045
25.0449177964357
24.2067900310612
22.4958726186537
25.6329823617229
24.7506912104560
24.1672010671076
24.5451081178609
23.7563191444873
24.1101321179368
23.1407722752002
22.5913930976810
23.3544221985106
23.7373284626165
24.4746501707626
24.6978492963900
26.1768512974838
23.9665021126363
24.2493790151181
22.9580787739211
29.5176304388360
27.9519269709295
23.4944035713446
25.3426300108277
17.0202644690220
16.2864182559926
14.1703603350585
19.8910140006344
22.8177833731772
28.7398779138750
27.4400582688617
28.4523863312346
24.0732674183093
27.3012107352855
27.2276162645448
27.5225963529914
27.3195977168323
27.7079926530610
28.0941232968912
27.5379432302276
26.8315671793149
27.9397972939765
27.4572977986414
23.2075131301178
25.4187182376063
22.7446448302159
24.8820549109046
23.5627301412438
24.0398573109627
25.1129528411730
23.7071126719763
23.4528503461674
26.2865863908092
23.1751959998355
23.8742523280593
23.7853673394725
23.7794335609228
25.3550660974029
24.4468272725358
24.6130549113846
20.6290078706862
25.7233754913809
24.0130457111394
25.2569857109095
25.4265990159162
24.8461715327088
28.4575528483608
24.8415722964787
26.3967613412734
25.1049286481972
27.9994800890146
23.9688992637805
22.9181049684564
23.5648918817952
28.5318624915673
29.2854054212751
30.9065832116569
30.3307744544766
30.8803464959227
30.8722294330028
26.0282264294401
28.6357067885323
24.9796229413440
29.7686081403959
25.4856634432453
29.1050056999964
30.6153076624318
24.7847369387726
25.8298177358428
28.3856222489251
23.3029321081213
24.3738910761954
28.5648110183027
18.2030924941795
23.2255944502626
20.2088795354923
20.6433568503151
19.6830397664670
22.0262026526183
19.7464217992300
19.4989876355093
20.1954268083143
20.3028525525627
21.5080985907661
19.9133132884575
20.2456372377826
22.1126974554034
20.2740312377144
20.5198867898208
22.2270642782521
21.8914003122890
21.6125446481537
21.0451652789741
21.0328056503157
19.9363738927668
20.0601048701601
20.5382247971238
23.4642250813425
21.1947378944537
22.4151771851296
20.8832607848422
19.8118782744177
21.2394280373567
19.2202790657041
19.6115868219281
21.0073513179824
20.0397396624696
19.8106332481784
16.9727220786374
18.9350879791979
18.4235183958774
19.2686226909076
16.9575974035882
16.2496701229467
17.3718293359518
18.0464351963377
14.9513142679679
16.9731489649236
17.0192318465475
15.2658248529247
16.9509996158523
16.5167419507328
20.9971464551051
7.63502379241579
15.7624156772720
5.73781714261759
17.5920922657833
13.6394815402450
14.8294521239268
4.08623991636109
2.95989409864401
23.3899202181905
18.0638595726040
12.0132383820099
10.8221041480534
22.5319167282761
11.5149851589882
17.6002237006305
2.46696970592290
18.7991249172597
22.3957167374322
13.1647738645388
19.0986039950441
18.7408558426863
17.6467883940142
7.99105968928682
12.2463142222748
7.73383888077997
16.1080835763043
12.5767069656390
15.5957932357263
5.82320610847145
16.6382517131236
17.0589174456026
16.7235318034223
18.0444041375041
16.5801465409253
22.9631922739361
23.4539576824771
23.4050239365066
21.9000353020643
18.1994153685079
21.1144860255634
20.6034716322686
19.0761819306383
19.9079435217277
21.8119229458826
18.8132080953865
20.0029611074708
20.1288932016412
20.3963715783911
20.0381526580443
12.1680396312521
12.9321365988732
19.9456740641367
9.95148666515970
11.4815841976563
18.8240075925066
19.5392221282062
6.70808482776953
13.9391820372065
19.9000626442614
12.4283057297275
14.3559642938258
18.5414400088941
19.7782470771589
11.8661006237315
14.2444514372387
20.3054396637119
11.9836086484678
19.0292010007670
11.8286545920463
19.1811909965586
8.38746115939051
18.7562425967329
18.1049900621414
10.9833020822776
18.2214381538297
16.1463161798327
11.9650708579911
19.1915470989551
13.5348907666938
18.1828084355780
20.2634750069518
21.4657743268377
18.7376918439177
19.8537145068704
20.5988822859940
22.3929452678981
22.4532527819651
17.5696420209079
11.7390838409692
14.6641517722301
21.0223398762539
14.8719804575683
17.9486058535087
14.3741494444853
16.9908162196005
11.4741236208416
17.7394537302184
14.1872637395084
15.6485702214016
15.7006830214295
17.7481262736248
17.2250778542819
22.2043638099418
20.7663838098985
17.7641625879729
20.7301883324755
27.4774526553991
19.4514852156085
19.5175949876192
20.4538380394433
18.4040086198992
21.6677104297069
15.6315849857708
20.1850300353393
20.6060114122757
21.6688729664503
19.8965253588659
19.3882095871606
17.3824786133421
20.2482813621606
20.2720351273776
17.8762137745238
22.2692643095643
21.9685634486891
27.6583704612928
25.6289428998313
26.1187366829606
26.6225703830381
28.0733842931169
26.4177396397473
25.9342673268201
26.1241499115204
26.9191538585844
26.6248949210354
26.3559024199415
27.6491240002725
25.3983429134556
23.7076384496140
27.6487744859512
22.6451304341011
23.8962438644530
24.9326046773280
21.8368668323037
21.5691882824047
22.7674226843171
20.8642904248958
20.4320897298047
23.2072885859300
20.9317087094599
20.7422674641489
9.01562329395817
19.9157965601038
18.8880828871991
21.7563714231964
16.1489906454417
21.6580495621529
21.0627601245935
22.6981415411521
22.1717968038478
20.8263142737684
22.7087338697697
19.7034567897085
19.4734088976757
22.2700047362990
21.2738304420079
29.8198910317688
31.0002440716669
30.5522410008928
30.1374806687459
30.6992870588940
30.9364015958209
30.4469025321499
31.0828860368884
30.8780658393746
29.8129020809943
30.3410376805549
29.5847011077089
29.4593552602077
27.5753316125655
29.9014603394045
28.8116630001209
28.5623541115663
10.9531787249606
13.8379236354579
7.98990160803479
5.89403070663060
10.7111076254116
14.0627142238709
13.9721718267902
12.0843813455978
6.20353628596408
14.0343287785318
5.52401699558981
14.0442672735272
13.5314041581370
8.52357609385572
15.3556344536797
5.71634625945603
15.7505826238942
21.7475819490378
5.47799061238602
9.44695086358430
15.9518988853345
10.9839185778548
14.7943574049669
20.6268475526919
11.5837480635155
22.0799991269150
15.2978476926429
10.4521955189621
10.0216363225037
15.6100307452124
22.2951025351128
8.05293018110225
16.3406265725207
14.6220799913725
22.0371820187495
15.2349397288267
26.0656308880433
10.3834743609630
15.5759758698637
20.8496971738256
22.4505674516862
13.1072922779515
22.9850487121809
16.0477734450838
9.67290431584253
16.3302509329626
23.1117383036516
12.3808852740668
12.8377631727785
25.4666153587998
22.0926698534502
17.8734692456173
12.0358564713367
16.0663686899593
23.5293477468794
15.3899202297070
14.3785485452980
26.0814924683394
15.9692389303944
23.3266703008399
12.1859854068069
11.1298608529707
15.0795523639349
23.3372750799189
13.2715164845032
14.9483738849975
23.2125046952400
16.6947703984115
14.9709501864410
26.6990227292324
16.6653492943104
24.7742956476282
14.2550650294493
12.8445623751258
17.5976538318372
15.7598671203513
22.6501437010394
22.4038806285663
13.9543938262731
15.7271309473855
24.5580564571708
27.8846630343486
29.3847224973635
26.2122832223293
28.7293346143999
26.0912005746688
28.8753992616007
28.1229289933227
28.3467925626049
29.6880484005671
22.6541249615638
28.2691916114804
28.9713781616250
28.6516446852814
15.8056146781341
29.4386038556839
28.4831765341579
14.3572810105235
26.5439012924755
30.5983041233742
29.6373360229663
28.7897693921293
14.7345877190980
12.9825425009653
10.3770811359723
12.6057885114812
12.9794890111337
11.7637554666394
11.6460663178366
13.6294187677113
13.8987074518112
15.5319452508050
13.2050131628339
15.5090632265787
13.0768954827166
12.3887069372753
12.7181049915917
12.2441067635494
12.0217534724706
14.2449214098762
11.5678238377758
25.1039151542662
22.3030295726229
16.6788115476473
25.2119172315456
22.9926188363652
13.9174745317768
9.93528808810706
14.8195790780095
23.9189894107822
10.5900994868094
13.1404416252859
16.0714210226368
13.0247561292567
8.56387836625665
19.6164908572182
4.39167954775926
15.2811297842220
5.10879086594611
19.2620880145198
6.05363688025721
19.2364128106403
17.0529542343412
5.86158272152933
18.3468253460873
8.57331757364672
17.5865332837665
10.1068958887765
9.16161742776799
10.9855397817426
5.84368562579689
8.24913406966835
6.46483961769395
26.6029079065713
26.2179559626087
24.6086286902153
18.7567446559905
26.9656697500567
22.2738400126307
26.1345122493741
20.3574073737695
22.5530129942999
26.5228012913089
23.5800196808171
27.9349693816915
27.1416897913657
22.7816601005225
24.4749728708751
19.1084209006380
18.6392904910888
21.4135550685377
21.8152237402357
22.5374149410495
16.1518328523458
23.9169403645874
23.2751970326698
25.6081150943067
23.1703938299985
23.8551016246131
27.0582233314359
23.1192234238124
23.1957698420395
17.2175073778878
24.6052242088588
24.7996361876754
23.7362668142243
20.7445747334576
21.0872739650265
28.0702195851350
24.4671879167828
26.4911632199511
26.1008130558301
27.4472532953305
20.1911347401011
20.9897332278167
14.4222153865072
21.5016441610169
21.2633748197351
21.9208070989265
21.9097416437790
25.7658160562403
21.7622308736066
22.1155247644210
27.4558715485649
22.6756939639793
22.6186782762728
27.0800267373152
23.2007787319539
20.8560060726267
22.7731252080841
23.7217888911532
24.3289799360437
26.5296270894716
23.1039577027233
23.8041207328426
23.7726294281139
24.5797395830032
28.2275282999185
22.5995654049953
23.2437283501828
22.3514109471620
17.4608329479930
23.7823302763000
23.2862463638979
18.5956936020340
24.4972992941041
22.8753972332726
22.8833017753517
9.64429232012278
21.7539670123591
22.8877340237859
22.3062081645526
21.7679147444027
22.6356870039232
23.1655608069525
24.4488702807640
23.6421106913619
23.7748976444262
25.8496551130522
23.4725231340143
24.0563463496684
24.3416170001408
29.1445737817358
29.0144732110301
28.4625116246082
29.2122775595885
28.5463384325629
29.1084423080873
28.6007321053987
23.5283381096754
29.2405199489820
28.3473884712500
28.9623958164006
28.4602363509446
28.9106725020150
26.9500898075949
24.9701804418566
24.5482001633419
29.9254006882401
26.8277973583413
25.5289253474795
27.1702500418790
26.5412532894984
26.3762514255185
26.1293474344219
27.4401187790187
23.5869041790071
28.8678317877986
25.8459140485959
27.1113380727293
27.8733702540450
26.0032127847164
24.4077125670888
25.6230059585451
26.5879539087494
27.9006527101209
26.1917486596552
16.7427977148340
17.9247118832821
17.2882831252200
17.1718602310642
16.5984925873387
16.4356600928965
16.8834670880141
14.8090328974959
17.0228359978511
16.3710508914334
14.8783931439271
16.6047027990906
16.5238797899790
17.0240644979597
17.1882059468752
15.1200698794997
18.7467661143288
16.7126866883852
15.0507263629587
14.8938558692060
11.6321699172310
11.6261696212021
20.1219559311871
15.8990967935142
15.7863368834105
21.8812496078908
11.6941298482585
14.9282599233724
7.22503029414021
10.3915022056468
11.3224101496793
21.0721248234370
20.0807680520624
19.6310150245680
13.0118553200339
20.3822195706480
19.3869188736461
19.5316295993218
19.4284036525380
20.4830616530450
19.8784393598180
20.5634430132466
19.6399543588512
17.8662380079126
18.7940013207671
18.4732868548618
24.0687606766292
21.2010346392513
18.9337272711545
20.4137630318708
20.3560875341403
20.7988249141979
20.2226181766816
20.3621622743517
20.7387224641470
20.9632891014973
14.2505619332347
11.4391877426301
29.9508385512167
29.7097750557623
30.8176283396764
31.0226234233266
29.4189949057624
30.7765725409683
24.0617150207749
21.9492791841219
21.5636590926516
24.9424809419229
26.0729791544437
22.4567985934795
22.6818796072836
24.0239616041463
22.3676478286414
24.6665646378965
24.8101498121570
23.6114971317068
24.7240661926118
22.1872983989480
26.7469524998821
26.5517325620834
25.7619739165313
29.2841160187594
24.5064203542352
25.6800512307478
25.6444842055808
26.5711169134489
26.3537945324014
25.9252013459185
26.9801665257662
28.0212169391900
25.7916059221423
27.8711074270583
25.5840591409536
26.7328336842907
26.2939799502602
27.4677609769579
25.5794550173272
26.8121272630036
28.3037060668240
29.0182601165975
30.5412128295497
28.0045357102371
29.4162131741712
29.0034370843809
26.2381832037640
27.7864757877248
26.6100297517395
29.0135120983039
28.8067585482636
27.2923845893176
26.3896915337651
27.2058985516021
25.9609713046326
26.9008214607884
26.8192332941269
27.4767383554815
26.2995870224030
27.4593351549221
25.8428481993275
25.9241391259371
26.8139402917558
27.2038733291476
27.9595594319645
27.6794477356218
27.6281250035757
25.5128786963229
26.4850765602688
28.5716392408843
26.8775038044965
26.6435734584886
26.2969555051414
26.7973783286569
26.0250625526284
27.5440754854956
27.4673333961298
26.3733047496875
27.2177067300659
27.4240116932977
20.1307675721633
16.3309402006822
28.9886670430094
21.1851229115621
18.9049825406569
19.1110916664322
19.0498742126107
18.5911331651993
19.1162128521947
19.0658931479424
19.4762915141010
18.8066072427055
20.0115799075028
19.5357234176156
19.7735410697653
23.9583858978276
25.6080036644662
25.2422968221720
25.7785019416826
26.1687628808117
26.2356048476583
27.6536324117332
27.3044680416512
26.8364745314838
26.5659218050237
24.6073496046924
26.7989581510570
25.5195775242402
18.2954522200133
19.1479378857583
27.9915164945168
26.3024474756702
26.7669090203358
26.8419913533066
26.2886824078495
26.8927089748893
26.2377328442322
25.9770698145412
25.8434363359391
26.9163932058555
27.5960141817609
28.0050156595708
27.2319031735335
26.1447700441303
27.2754907445147
28.0413387620028
28.5431769241998
25.2348232513732
27.3980148766511
26.0650509204826
26.6038162664258
28.3331082675803
26.6519043319676
28.2502787297038
27.5416687458519
28.0449654757824
27.4942085976341
28.5314676095614
26.6309007616037
26.9787478100612
26.0700874515991
25.3454087357643
28.5834876771906
26.0998392938799
25.2689616348934
28.7710286912543
24.0366736487846
26.5228925313225
26.8325513030855
27.6532702334739
26.7222613879270
28.2195710974077
27.1815095570817
29.2928951817496
27.5556249121697
25.5842236963740
28.9732876733952
26.5852326115563
24.9940533235472
22.1733270812063
27.2683950858618
27.5181021058175
27.5386308633833
17.9731731760645
16.2604393226825
26.0709188029690
27.6178172656782
18.1530851277769
27.1640852744911
27.4511307331943
13.5953433189901
25.8924910285561
23.5171531738802
22.9656975735762
25.3564413061136
26.5061973986185
23.5836407101000
17.9151756785118
21.5442239606375
23.5637556290741
19.4349376831799
26.8437286483195
19.3901943252042
27.8625661942788
21.6137363417477
26.8336935596388
20.9582049068387
16.1152020634301
10.0687279788256
22.0739683189303
24.1574726698279
27.9280895112384
23.2667851512008
23.7467222348855
20.9529228057762
23.1723638072189
22.6918468223343
20.5595620361857
27.6786459671116
20.2742532155654
16.3957559667870
28.3067376893757
25.2213518647272
19.9164282332065
28.5320175116763
26.4366697884467
25.8400803102629
25.0556227111141
23.3436229725246
26.2918959253974
26.4979961676295
26.9002468680785
23.2002529087717
27.2368627523223
24.7759764358069
20.2920078604092
28.0179350298354
22.4864773413694
26.7937364522578
27.1479952445605
22.0283974431646
22.7252946887007
28.8799078149930
24.7666825300972
22.8502777559236
20.8585645421564
20.1641883479483
26.6818060036851
26.8576728051210
27.1426393120637
28.0315175815482
25.7554091643643
25.4116776632072
27.5578579068011
26.9651036491693
25.5428314970955
24.4412648440185
26.8124192750783
29.6764909107078
23.4851159214199
23.1987076071238
27.9498229830893
27.2276674587189
27.4027930540313
25.8894886723640
16.5252438016057
26.2603013790852
23.8929600719567
26.0718955416823
14.6414218503122
26.9607270074106
26.9095746745091
26.3843648278041
18.2119873772211
28.2227359036242
27.0597292672193
18.1103828684215
27.8178962745716
27.9280625406032
15.3924128279964
26.6061098240498
26.0845118708638
26.3381603451275
25.5128141753981
26.3027046546646
24.7249720957410
25.4151301314964
27.4088580260611
26.3689122699604
26.5162192252596
26.3691963351414
27.0369382549132
26.9128592123926
29.2238862986025
27.1510411061509
25.4199945387869
2.51520397053739
0.465296865416962
1.10060923699828
0.697310176566729
1.06969611286600
1.75847306172577
0.962364211135576
0.125697313740674
0.790348142753996
1.68573565647805
23.6330685901419
20.9863903206067
22.6571222093812
25.5090325783414
24.0442146738076
23.1692256283410
26.2403971706067
23.9416490148986
23.3686663494625
26.1515921132261
25.3779216169635
26.7702252467383
26.1146715486961
25.4683971401477
24.7120051192176
24.2345716095405
22.1178778165032
19.1182513791524
2.21776360963223
1.91358444512544
1.03107939312621
2.87827073635039
1.20283546175491
1.78469873714130
1.59648879735722
29.2918788627386
27.8220705838070
20.9830000956752
19.3140957064474
22.6892957005985
22.5061726866750
5.25476399936593
8.65973860255045
10.6887855010451
8.24900026140649
10.6041706364912
11.2877282171857
11.4779114745896
10.0109770960576
7.05170802232920
8.55312661412605
6.40319662408172
7.84842164683511
28.3080456098663
25.9985953020851
26.0603408121535
25.4961696949849
23.0492356883591
27.3576972064792
29.1736215815520
29.9324361173387
29.4647118576770
29.1835755352883
23.3998593533417
24.1414269612959
23.1243348094938
25.3593727710758
26.0487996584226
23.6477579234248
23.8358405495821
25.0192250578995
23.0632751644603
20.7729983442391
23.1249155231247
25.1817154247476
23.7308506226285
24.4644410394212
21.3507660804184
22.8759289126101
24.3915819441505
24.7203126763701
25.4511856052692
27.4469187584702
26.4496665036736
26.0323387257776
27.5238092339977
25.1797625922257
25.7728930528550
27.1100043006090
27.3049501602494
24.8134791238911
27.5126361217014
26.8857110539702
19.0076391725671
27.8830178219548
25.1336654185166
27.6074092277705
25.8175974473520
25.3123264325883
28.8046720288843
28.4632848071652
26.4005043031198
25.4528687908312
28.4540668920585
27.5898876943076
26.4089470735941
25.5844355919686
27.7197567350545
27.1458460734729
25.8236435438318
25.7274970315893
26.2690576123261
27.4584408585800
19.5723226256418
25.5333508201099
27.4946159433065
20.3984772839820
30.3348259887929
30.1202260548041
23.4259544437086
22.9629013746223
22.6863350730598
20.4708662812451
19.4595070693258
25.6497049101721
23.0053365279783
22.1180778200445
25.7448123904045
24.2518196439451
27.6649348789810
26.1555502180648
27.4783722126196
26.8127556673470
25.3724475934045
25.8841745708119
25.0241319067181
26.0013744351296
27.9947314263237
28.2609005818345
27.6869613372082
18.8768423067001
21.8451787396411
25.2548156353590
23.8790239459888
25.4228107284228
22.4400909557451
24.6866317525572
22.9858629406630
23.4878377604007
15.5458389189084
26.2932200104474
19.0485035623916
25.8635759445918
24.2786930754583
22.1101512525852
24.6115690569698
18.4677685540106
23.2600478039956
22.2059641999243
25.7014527911821
25.8156831213827
25.3937767336292
26.5490043283792
26.1726919792269
27.8999094148513
24.0117108244941
23.4801662388147
27.1122246800112
22.2751094200304
27.9406467329730
27.0247828014363
26.4478454350634
25.4522310695209
26.2513543377261
23.2159541231143
28.8858789114959
26.8777525574426
26.7005805518545
31.1180867891099
19.5549532303839
26.9464244971492
27.5709409433570
22.4567318351061
25.2138760006826
23.5263486920784
25.6461894150869
23.7847329742859
29.1982406462788
30.6844422430823
21.5554491577383
19.0460364408564
29.5282790828351
20.7543197390042
21.1688493634175
24.2035120932180
26.4432835818227
22.4284033417759
25.3278698577523
23.6156836561589
20.9183550201945
21.5561957820693
22.2979924654974
20.3455121984704
25.2725715691918
24.6622452445673
24.4410081710240
23.9902471276888
23.8467765390690
17.4683115980121
25.0062113129092
26.1228486064975
20.0824184397513
21.2441832573568
28.6935037648937
10.0577313375636
25.0413766357163
25.0037058793482
22.6790063818565
23.4177603145512
12.9908668186909
25.7684588130524
24.7114122672967
21.6869692890079
28.0096411865163
19.1301966072295
25.4606196409425
18.8362753411951
7.18912699176287
29.0369448321652
28.4037601670968
22.3653109131993
28.1671808591698
20.4365845349280
16.0906350102315
28.1753874915235
30.9533795136192
27.0982853312379
27.1360834577944
22.1615205229370
27.5271781626515
25.1870361684786
20.3592256990720
12.7896585486556
24.0657888667290
15.5291238406486
27.5401621952403
27.2959049945840
27.3040491733574
11.8647351745530
19.8382622655127
23.6344654127105
25.9709537693672
12.0372223823978
22.3566985666957
25.5957991888404
12.2659259975531
20.4448391495673
27.7485094163428
15.8742962791154
21.4082626223414
13.4845826387056
27.5018030031447
20.6936086480135
28.6275966108034
17.9758803634044
19.9968671882184
17.3380599741203
27.8522236112029
24.5707087030885
14.1033378608441
13.1553693987824
24.0206944213831
28.1510831151843
27.6439635343190
22.1865296412261
23.2690439547129
6.64528309490488
7.67256298279384
19.7927960337829
20.3204395960829
20.6661372291914
28.4731684036498
27.3364713783505
25.3382413797023
22.1908284994711
26.7489207113456
25.9756950745435
21.9697547304860
24.4899622106326
27.5276354342992
20.9688721558945
25.7918418434887
22.5903993247646
22.3749379205118
26.3841338475340
24.8313146665858
20.4476985965611
22.9178475814402
23.3273163348962
24.1408672640237
22.9145951423471
23.4429587650621
21.7890603553134
23.3321533181432
23.5981123040145
23.9272465301533
20.1412415566120
28.8076986892243
23.4598843702898
25.1947636269737
20.6028795762403
22.8443517566752
24.8028258632768
20.2706899140561
22.7715830901566
23.4525311500794
24.1439605594513
22.7605510353571
23.7755011471387
23.5148894231669
25.8203951665746
25.2639098581030
23.6754684389027
24.1950454016818
26.2305297947306
25.5230296018729
22.9948507528334
22.0267399593482
24.4093589497013
21.5609042918316
21.2482397804795
22.7684215308921
23.9161593031985
22.8172473809447
20.8316077121754
17.4030608851162
26.1725809087850
22.4442933255695
21.6811258439143
22.2867055468164
20.6991615254066
28.8877379586211
6.89636047257838
27.0326716215068
20.2051459126628
26.3581649745280
23.9844499933642
21.0708802734850
26.6600782640899
23.7259944709411
23.5568792599280
26.9651405250275
28.7846998107873
29.3432048745437
29.4378534978406
28.8543391174786
28.9033005336283
13.6968095759520
14.2131122037046
12.7473396304940
13.6483070452758
16.2781470875427
16.2105010612096
18.4815651786515
17.0448645961575
16.8457524338491
16.1369791649781
14.5561923584999
13.5455019290751
27.7089150794925
29.4836174216550
28.0683545469117
29.6554058963340
29.0837113863695
28.3736624387971
29.3417201785353
29.3854874027416
29.0845099371928
28.8401749026135
28.8725586330358
29.0441197050175
28.9909622582197
27.8141244801733
27.6567955619455
28.7115170754503
27.6440979516674
28.8270294856876
22.9800605169721
28.2714290477044
22.5319436270645
28.1184742317447
22.5768820973984
29.3462258449494
22.9195980298611
27.4036627994623
23.2758002505164
24.6722859739363
27.2165574926690
26.2747326926659
25.8261313078958
30.7454577602802
23.8283673172193
23.6757631206218
24.5926286693658
25.3242669294778
27.5196309862029
26.4961035366989
29.1772507810105
17.2912750571166
24.2363357641299
16.2582342714941
24.4438392417289
21.4101095798063
26.4818845393352
24.9287313611778
23.6347618556417
22.4469581207451
22.6283627612237
20.5459184930498
23.7162162718492
22.3684545652538
21.6175164718966
21.1570606615883
19.9524767270386
23.4232218386223
23.6094427236400
30.0854779266411
23.2976787065881
22.8224814842149
24.0727168801021
23.0809334921869
13.5851984595946
15.6802043298528
19.7367787622720
13.4599068975750
18.2589072602180
20.2489225311952
14.1661530623184
18.9991029734449
18.8440391021433
17.9301392558197
17.3357871678082
18.0726623924918
19.0136422065284
18.6618828789138
19.9786652099066
23.8816300530556
29.9521611709350
22.2316561494227
16.2906636532468
29.5104052469492
29.3926174128757
28.6027188183734
29.5585029363760
30.0643650035339
29.1923934418386
30.9330383902294
28.2371131910651
24.6422526642982
23.4183962112279
28.4262496968256
25.1675962695549
24.9198111054109
29.5687509202231
23.7438204952111
28.1943834241576
26.8932734844924
27.2883340079258
24.8520053683785
26.0894052339665
27.3742985750555
28.4978259602480
27.9385394784896
27.4071986258176
26.9301105536759
27.2092857721210
26.4483407522081
27.0940111427043
29.3892328842753
26.9232360117019
26.6660339144095
27.5526048595797
26.1263198131496
25.7403316544194
26.3837724288448
25.1084085052799
30.6121663871461
27.5767833441750
28.4556550068502
27.9490893555624
27.6542685094894
27.5340872956334
29.6023170244758
29.6617790284703
29.6135512889339
29.2071577654101
29.5344532862085
29.8625769574111
30.5457196099581
29.5633536396376
29.3684607887164
30.0297014734558
28.4573227432453
29.8611374915119
28.5543470680661
29.3706043441299
28.3902672942738
26.0975121747687
29.8929740505602
29.4271517470240
30.5084814853097
29.3596516278449
30.0226260832865
30.1488170130799
29.5781650355506
30.7365657166825
30.9442982604019
29.3749144272250
21.9051712816202
29.5205727813270
30.5912949849139
29.9308438320388
30.8900202922571
30.3964189780931
29.5639501968278
30.8806226732121
29.3583770385113
30.0132796957906
29.6637247620479
30.2019871107075
29.8756358940639
30.5139850737222
29.8520187315737
30.2141645856630
30.1688546847079
29.4262555316082
29.6070928736300
29.9900365540377
29.7333475333276
29.4812282635010
30.4070781662748
29.7175871901231
29.6791452677830
29.6685676872724
29.9052953034240
29.7755761053205
29.7914441859458
29.2538565717163
29.8539028573097
29.9299640333249
29.3296089002950
29.5761916384690
28.6890005320598
29.5761944646801
29.6365357444822
29.7048503124271
29.1458608023708
28.1029927366120
29.4649072962933
29.3760495894660
29.4961800443077
17.0964948671008
15.6241169400808
28.8155434462815
27.5572009853394
29.3373657080406
27.4355302628756
27.6262865306094
28.8039346027572
27.9657077465451
15.7487324073938
8.14775864280902
24.2434559057762
19.4418874949620
24.5446972864679
8.66385593617397
26.5846865641145
6.15146872909041
24.6008244411479
24.7468883183322
26.8743983299139
6.10091408635258
27.8301746875713
29.7822536511047
28.4282869062409
29.1752436398952
24.7456481149980
29.3057974284428
30.8354959511820
28.7793059384803
26.2009588115086
30.1849009945305
28.9584107099665
29.4146010141709
24.6835311675356
23.9993520080280
24.9007128521085
18.5981393930299
19.6015770374413
17.3451252729889
18.7651918799249
18.0437955471489
16.9396686925115
18.5389848013761
19.3765762860447
17.3275271967757
19.2915596111344
20.3057050356258
17.5864895252754
19.3512622784849
17.6805615354490
18.0033656635268
18.4169697364921
20.1963137962302
17.0212209865385
17.5550432124797
20.2238618536903
19.9038242333998
17.6325787051847
19.5921133853097
17.2672741005204
17.1421233541585
19.0380171149736
17.6530857377627
17.7861499834816
19.2871699473026
19.3819719519352
19.2235897730370
18.6377616996702
17.3595698691124
28.0110271161688
27.9862219035471
28.2148725352203
28.0000176697862
28.8520243995208
27.0245553495465
28.3924037766229
28.7978282069116
28.2883890073976
27.9965442629924
29.5700804791201
29.0482933392854
28.2675377969245
23.6078753259869
22.7104394304381
22.9323101315677
21.8988736269157
26.4145480319920
23.4052959201937
23.4819986362474
24.6608762899762
24.4886273938736
21.7472109469130
25.0414300988367
21.2593554383337
26.0906624647491
22.8140583611757
20.8507880144381
26.7410191790023
23.6280781732366
21.7417968102877
22.2614351916122
26.4529331881333
22.4925082353136
20.0295241591022
20.7669548210381
26.2679077575730
21.8849348134991
23.9016217727853
22.0651392308399
22.5790703362005
24.5267069964699
20.5130310314921
18.8565531551656
24.4574474856154
20.3318369631182
24.2322494244763
20.7376584871205
19.6093404566799
26.3384564727488
18.2446084837843
24.1710488824845
21.0315948181474
24.1514218645468
22.0863569351776
17.3919542523039
22.2025219379203
19.0943402753040
25.5648473996900
27.9584635274866
28.7648390745949
28.2585684171918
28.7563827942242
28.7500311645001
27.6980455341911
27.0439364017276
28.1461015076254
27.9640525816652
28.4032988396219
29.0143605180657
28.7825038971274
29.8032698719346
28.7553707115687
27.2935445608630
23.5306764507318
14.3576621788873
15.0593400293972
14.4925234035496
24.3713825176954
29.7549973937312
25.9130364635018
15.7440138203101
26.4499192707671
22.8258591372922
11.5700749432653
14.8402598303854
26.0329631875430
32.4579554399516
30.5454300069797
23.1188427024310
26.4705826738251
24.6520069146673
18.1985684683976
25.5076975407783
12.1532154483532
27.2234055901628
16.7227756202649
18.7270782832728
24.1463078117154
28.4776050518898
27.9255979922534
20.6809905185394
14.2365478174622
13.1997520953144
24.3859772280909
25.3894536194499
30.1735254485500
28.7541819357157
21.7889033967253
23.5716977429845
12.7118028054623
12.1383427471595
10.8486622380277
14.3777223831646
15.1058045632369
25.2133267547260
26.7350621421418
14.3708827567888
7.49669038077266
5.99411120243456
25.0353291035178
15.9278084749858
24.2491240864724
21.8160110422758
9.84819638055988
11.0009049811808
9.95340834319666
20.6000859491568
6.49515184121861
8.01202681591231
11.2774878833384
21.0780373534838
11.9750637505139
10.1481291727546
10.5382799190572
20.8173374912014
18.2854717937293
18.5444546208634
20.2050250680492
19.5869618380626
20.3107133534126
19.6675111496406
21.0311547478482
18.9290028535929
20.0892869912206
19.3159732575338
20.9516077866420
17.9839097663510
23.3969555817675
23.8230118550665
19.6581201111887
18.9957890553348
28.9966489595530
27.5962928913641
27.7038257313273
28.2621758319581
28.3864164156999
27.8976866839740
27.5227929609497
27.9641741648048
27.7778248394942
28.3843693003472
26.6248046793454
28.3270879984789
29.5238737435407
29.6528405044939
27.9375100165978
27.5581370957740
28.9814560618058
28.8057923376841
28.5412438429797
28.4320217673912
29.2898516312995
27.4359542823486
29.5517384753271
28.8145995743973
29.7462566038318
28.6407313826305
27.8838103964220
29.1272394842342
29.7700448089002
24.1455446313441
25.8889892812972
27.9093939217663
28.6222104798048
27.8913600323701
28.4300822817064
29.2234247033265
27.8618152683234
25.1333918661277
27.3892973253691
28.7019202053746
27.1959693727331
28.2712825730808
28.3711556748582
27.9204467009163
28.4653119531132
28.9094140952009
27.2171374333917
29.4400254613848
29.0444944056618
29.0249927577676
27.7793924547351
29.5892497459881
28.0144615641732
29.6224528655780
28.5764863069796
28.9092358161892
29.0419815234088
27.5338114807300
28.0338134454856
28.5408647733438
28.0591847936577
28.1585268375051
14.1196592085249
8.06411613823788
9.60010394610939
15.3057497965536
15.3039682239340
16.4467755357769
13.4848922808574
19.4005561061041
18.4803042797013
15.8289960161859
27.7128509668130
27.6193899612992
26.1404043829537
25.6507317814711
29.1130452936588
26.5802393133014
25.3397800026575
25.4684085118520
28.0556556187721
25.0742321397115
26.1548157660607
28.3757947318816
27.6048556090496
29.3449575376172
25.9853302392174
24.4982431956669
28.6323121057143
24.7859169807200
26.2572281634211
25.9786684292086
24.7468943027635
23.9347143835095
26.7282536399046
26.6816743699720
26.3979427276615
27.4042121175099
26.9360214887235
28.7011038904027
27.7641646823184
28.4960153884885
28.2204507511166
26.0333541575272
28.1369250921865
26.3717332488734
24.7846004462871
28.3337942051707
27.4741266003402
28.0832340335887
27.8084971812359
28.7713650777772
27.9514791979776
27.9927749373058
27.7684126798467
28.4057144351465
27.3839334120738
29.1392053514585
27.7346429706879
29.1596542549411
27.7573901283791
29.4236902345294
27.9448892679197
27.8644527327796
27.8974331854236
29.1556979592636
29.4306019975531
27.8939318948626
24.9230818625921
26.3837692113207
28.6444241487113
29.2473394968529
28.9410548409243
27.3923892270176
26.4703311176698
28.1143962598096
28.6726525239685
26.2270793723884
27.3752346424948
26.9889971684689
27.7595868446131
29.3759053639774
28.4413522581312
24.8959239471091
27.2665706532901
27.9269428441044
27.3507052640099
4.21355095815364
4.62835640346141
6.30694225203926
3.64922713879789
4.85474860125274
2.37159541503172
13.6814010461802
13.2357935131448
11.5237785378195
9.45623793114239
17.7712306677199
24.4579056953346
9.63254204720364
10.8088412693856
24.4669274208658
21.1680613518642
25.5742783756726
22.5905421437507
25.5833514135472
14.5427522712019
13.2663603007567
5.00172507077341
20.8134366937226
22.2680190698420
20.5136294677229
21.6251248570765
21.5259956871678
21.7313704465388
20.7652946605770
21.0566418900438
20.5069286239362
7.45274616678476
20.3795755998552
7.65851342140973
20.6504805339221
21.5217200285436
19.8890021048222
20.8189274749199
19.4276604890963
20.7307311511725
20.1749351344665
20.8802778926942
25.5075083613249
27.5456303081968
27.6103788927117
26.5038601489747
26.8723477125846
28.4420827664051
27.2309571705001
27.3215829457612
27.2949127459358
25.2437017575718
26.3415379167695
27.1160915081800
26.7116690681366
25.9369245697296
26.8693877218766
26.3847184016132
25.1637526985090
24.6318029875333
25.0981154963364
26.4816273581394
25.1195155941307
29.2903732294970
28.7375698173946
27.8774512268331
28.2500367357877
28.5013701988653
27.5696165888688
27.9027374410427
28.0410282082307
26.6690832089627
28.0221588105329
28.3790747663611
27.3716625370128
29.5345643658505
26.2806046987294
26.8439275823087
28.6641316559035
28.5424972720509
26.6939841098585
29.7179063644320
27.7742281034445
28.1534250660139
28.5829811499372
28.5050162930759
26.5787629087403
28.9646183344658
27.7163865960674
28.0410602273533
28.5992019354420
27.6937447723373
27.5727500112043
27.6665291993562
26.7936134256792
25.9771929100595
26.4496583972502
28.3118194918340
29.1680909349240
27.2915271467580
27.5958049167374
27.8858114051589
28.4424310178707
28.5216159992265
27.7049808447379
23.8801543088693
25.7196830371459
25.1996732592271
26.1978961602384
24.8829841244229
25.8144228672379
25.6016224893649
28.4877178026998
26.9970683051728
26.3408468649899
25.6280015208882
26.9419129565056
29.0878349919796
27.9990322413335
28.6283400462596
27.2706802633933
28.5078463424979
27.4250880935572
27.0395621416466
28.8727009898326
27.6746443409631
27.2261953393626
29.0242875715321
23.9572331577566
27.3588365704408
27.5380495558256
27.2152512788613
27.6982005265423
28.1748204416447
27.8549433469228
27.5042566703188
26.1408025877515
27.5303172562737
28.7022440857192
27.4697691293747
25.1252818749558
27.2386353506701
26.8087063771307
27.5209922526042
26.6438682508402
25.4795620451291
27.7404177785781
27.5679049239847
22.1221642716237
24.2924043907264
26.0993099507304
21.9507289627698
23.4417679112336
21.3188741260586
19.9324792302232
22.5996778902432
24.3597018665454
25.6937310108161
15.8858791073616
23.5683024638169
22.9118735539817
22.3401685086172
19.6090196010818
25.0478284242013
23.9364321269243
21.0977378188523
18.4174752924625
21.6572297604404
20.2322186217557
25.7568802397368
24.1976043667530
19.2005514547777
22.9561335514276
18.9808269649078
21.5157597729688
17.6127785107500
20.5576671429796
23.2607232335623
22.2986874742056
20.5029334187009
22.5522177935904
20.0732537298565
23.7669722592628
22.1587048001503
29.0407564470045
27.8023677005176
24.1711323245420
15.6894164250370
27.4612209483055
28.3573145358342
7.64461004794605
11.1448962619879
16.0417269814430
12.8896849903715
15.9929111993949
16.4227500494383
14.8070536941911
15.7034627011046
16.2635798411859
27.5644032440159
27.0947806142733
26.3321271722548
26.2205962919228
26.5883683595072
26.5596518085394
27.8085021577660
26.4181103030380
26.1984845093651
26.7535339662301
27.0016201713980
24.7896092707778
27.3898070242941
26.4109741550085
27.4802322252263
26.4974695021143
26.3525099116532
25.9325602338750
26.7735005566324
26.3453843415683
24.1436177318051
24.9793567148044
26.5448320255233
26.1598411017211
25.0571122680022
17.8047917577874
18.1092586354058
16.6603729671915
18.8360029923829
17.7541323592572
18.8244781395998
19.5099511489936
17.1444202806818
17.7837975889260
18.2918128479641
19.3963279613418
15.9471971097910
19.0736709335984
18.4956296537012
18.8781603239458
17.5869078669700
17.9378468773925
20.0426374270510
19.2431257112783
18.7072690338686
17.4074317833842
20.2308314936061
21.2999111036387
18.0256471029190
18.7670622340380
19.7579503003783
20.1804328809441
19.9452635414317
19.6921635621121
22.8439579889255
23.7079822943033
20.8614329553375
18.1482188654993
18.4715275555465
24.4863033456148
14.5098289573612
23.2632954823467
16.6113040149365
13.4980353244482
24.1786531548178
14.6060805171527
21.4363972318015
22.7860248226668
15.7353899953894
15.0309114974806
23.2424074811761
14.5689355243798
10.6073176472453
26.8756788204312
27.0911443884049
15.2016747017481
24.2637856375234
14.3109376670362
22.4162671432533
26.6320023971508
12.3423671732499
24.3345826873942
24.9783023992142
16.0373918965182
24.8214786477432
14.8595394960114
16.2460372499303
23.1330404504193
18.3643047507230
21.7236179830965
25.7847924389749
24.0105359944030
18.0427771871761
18.2000482092179
21.3671830839349
21.6241455846357
23.2419496515676
24.4006357722242
21.7576010729996
21.8895096700925
26.0075126991294
18.8400503029454
23.7504008650926
23.4423665411689
22.5816418948231
26.5740421905031
25.4037922203999
21.7295036027464
19.8474921361122
20.0242154362209
21.8798143989814
25.1869139998157
25.6979390665798
20.8350033007191
21.7270990063067
24.6647388262282
25.7960775397380
21.2684327463817
20.8380447054044
26.1729587727795
20.8760366383188
22.4134434201192
24.8166825016490
21.4571304665148
18.4750356211116
18.5577027873908
27.2649848855721
25.4149872250478
27.3831554127319
23.2531478532801
12.5943258297602
22.2942003889169
22.6650881130770
26.1902880596422
22.0352592322387
26.6315663707545
28.5931127528028
23.4729401271605
22.1326191628655
22.9178440063014
18.3087804968861
20.8380713557061
21.2324736979420
18.2343635718676
18.9074352741280
6.17322504866249
24.1345792609868
22.9968136974751
21.8824438366999
23.2458389262212
22.6347032111051
22.1698264517319
21.4164538038812
22.0254176281285
23.4745617041699
19.6561385101121
23.1454603460831
24.3859023608272
24.1694841661476
21.6523157346894
25.7147534719239
22.6214887519217
2.65069553258444
7.61245647024671
5.27281198401523
9.88017883710052
8.12523277542123
7.29553347001949
8.28928425597754
15.4086125194930
17.0719839813847
18.0715812074711
16.7165042528944
14.9237045210206
24.1314432860755
20.2692457962333
13.8156445573787
26.6530109905897
16.8373767796875
26.3665792341456
22.1775958875938
22.0529502150508
22.1473004540484
15.0252566130972
20.6771720103350
22.2791144679847
19.2424268543360
26.6776209515070
23.8505147895332
18.9315205526932
24.1773890695027
22.1548635484316
20.8548331770371
20.1359825695778
21.7669043607339
24.0601202330178
27.5118984726505
25.8892419778715
22.6310172083781
16.7360691694034
10.6278641695638
8.93288847021678
25.9042527566261
18.3432597419145
16.9066563221028
22.6073128089993
21.5805504610465
23.1477013211705
11.3454819813603
26.9029212919861
16.4118165013003
27.8357705050545
21.8235645913798
7.14073741829215
14.7705927314213
19.9857866266144
17.3772828872419
19.8117041308268
23.5920976508005
19.4697716681481
22.6022311736159
21.0408258464453
18.5690536528702
21.8435154322177
24.4696887461305
18.1769103862588
18.5333009167795
18.4635117269517
17.0891568688518
17.8451497248848
15.3155255832723
17.8962153218830
17.8725546139740
18.9216921867119
18.6577860550090
18.8347766727863
14.1354523819729
14.9954593762052
13.2351170170507
20.0492452999872
18.6108515424282
17.1347131983560
22.8838301448358
17.3918249526434
20.4407750794681
19.5280194245857
17.9411747646623
19.1769880307708
17.3559612289483
8.75579575141441
4.11874242960350
3.24298395340157
2.77617763490702
3.36365791181882
2.26368632732851
12.1703630360398
3.71142724862306
3.11875532126347
9.52291173441996
11.9765881644553
15.5973618346918
24.7775465462318
24.3960765608900
20.7953148988659
7.50048374589792
15.6300564652580
6.22094880146639
2.57004072133111
21.0816974323958
2.44326965490885
21.6903491689755
4.31683694412497
4.64552832579318
22.8552779769524
22.2879734875426
15.1766945276802
23.8229414632179
24.0300082567666
23.8117934879131
25.4505155900246
21.1797895581947
24.9704593160478
21.9744632065567
23.0478941656759
24.7497890472223
18.5453501270436
22.6153929615908
24.9689260329608
17.5674726141672
24.1864562393761
24.9141167435598
24.4348984876280
24.6033860961406
18.8539296939322
17.9451461083466
23.4208386439076
23.9347509669244
17.4177835425281
22.8642841734379
20.9715647717867
23.3265173264672
24.1234278816952
14.9670603647756
16.2141226309718
26.9299630628847
18.0088118444062
18.4176785518532
29.1571021649435
29.3404956299869
30.1784805830341
30.2667666112139
30.2615408892797
27.2438877318072
26.6636907139464
27.1163710796148
18.1246424120073
27.5009860632319
27.6014487214577
27.9885822839823
27.2232538514755
28.0464551948004
27.9936975074734
21.4342583188882
27.4369153093949
27.9731447913554
27.3036118892728
26.5074169022929
28.0112751628292
26.3187557752534
27.1453677381992
26.4112314225215
26.7049978417445
27.4620407973519
28.3535245211048
26.9419340644718
26.8509283814470
26.8983135121265
27.3902801788753
28.7834866571988
27.5889822865272
26.4369993439562
26.6791935582675
29.1383711167170
28.4558515482272
26.4078322096990
26.6874146571739
27.8285580982536
28.6637965253467
26.4578105504562
27.6117543493528
27.1823210513296
27.9100161096798
28.3277023364729
28.0322693430362
28.3477681295325
28.2178592990730
27.7447246262058
29.1206390339924
29.9353669950310
29.0601174851844
29.1754592920329
29.3785905292757
29.8537718980350
28.8156980599494
26.3291970255428
26.7571659421549
26.5197935444910
26.5500388822933
26.3886799398481
26.6822988216588
26.4604263484373
26.9447241025270
27.3860389799098
27.0495825363809
26.6044760806276
26.1668939075382
27.1653298892902
27.6342227703446
25.8759538389428
26.6700171993053
26.4033472178267
26.8302260021017
26.0111075982870
27.4766737595303
27.1263580708298
27.6758970013044
26.9998975254464
26.3838050925339
25.5102104430469
26.2560090394929
27.0442870645331
25.1173964046873
27.1994815496143
23.0790937229355
25.6533409047728
26.8745651500927
27.0163856590438
26.6977169966196
26.7578501350093
27.2255241622539
27.3885017335213
27.2065351197761
26.9183251193782
25.4178743167330
26.6878446113345
27.4518740179408
27.2679634700455
26.7187795374317
25.7205687971011
25.7677758426672
26.8120665208510
27.4822873864892
26.8744099544716
27.4694342578544
24.8911643414541
26.4530004408254
26.6414562640487
26.5806234069250
27.0579503283654
27.1934264378361
25.6686403121380
25.9353725462959
26.3679174601124
27.0975185916729
28.8872780247522
29.4349491599084
27.2037203599912
26.7200628222684
26.1495999124406
28.1703343206488
28.6002494664098
28.5802273894613
29.1177047787144
27.4402027666801
29.4520463137028
27.6633174690446
27.1620946720406
29.3839330333422
28.1580262217331
28.2012435350313
29.4827278003140
28.9051070975022
27.9055894906035
24.1552906782795
27.9370007992767
27.5083083694709
28.5814782745582
29.8302773513116
28.4156246360875
27.5158894282422
28.6060840359255
27.7553652904972
26.6107289682782
29.3453389908451
28.4689970917719
27.4061678714803
28.6821488579330
27.1462651694340
27.6327394303605
29.2632813681245
27.4378621820983
27.3237201622141
29.5446897953764
29.6610983961644
27.1816572725723
28.0005514053816
29.4772142848574
27.8093895526638
29.6921417853826
29.8236424125053
28.4959491554043
28.6589853295987
29.7588908447417
30.0355088651469
29.5625803672689
29.6707878654829
29.6422420128363
29.5901361178500
29.3447186086418
29.7313877871995
30.6194716565023
31.3529240893944
30.9250782952076
30.3635937133022
28.8739578462289
30.4133147234101
23.6927386628784
26.3263562538100
29.2203377315919
30.0677339234732
29.8752724136250
30.7439587871398
31.2699831468599
30.4171388608344
29.1144013942191
28.2677453095600
28.6810011479737
27.5311347659397
28.6261365591131
27.9990813784138
26.7657616882338
28.7909089455403
28.4464036862733
28.1460971983570
6.78539203263355
6.69905887941962
7.08318966133180
7.05894720957539
8.53388079288898
8.50721383637116
26.3774162512276
22.7008478832497
26.2554776188879
26.4041955269584
26.3287885442764
24.6414636270185
22.1118882636791
26.3175722963794
27.2390122611017
26.5867291798329
27.2226521572387
27.2205204420060
26.8503865497515
24.7813183436736
25.4358652394976
27.3903594978170
27.0370430373374
26.2354306109435
20.1357914465403
27.9600663636864
25.1891263611888
20.1740276835893
27.4874533858172
26.8098260702163
23.9774454436723
28.8067732004787
26.0847961894249
27.9766768779206
26.6542390143099
25.5104450043461
25.7043918866066
27.4240088578546
27.2611532316203
27.6688907671093
25.3241389842823
26.2311396760160
24.0088857855887
26.2978155147760
25.6153528768885
26.2600024961065
27.0517024672500
27.2109312124309
28.7912808249804
25.6320732542985
24.7923444258562
22.9733182450032
21.4805716822565
18.4659763055213
23.4199025294722
19.4589436553617
21.0971610808801
20.6157019212183
19.7534222382035
18.9579785510875
20.8032520301666
18.6300754802412
7.87523913801538
18.6726860087228
21.1989055457147
18.7694439048491
18.9471486017081
21.3228141279241
18.4127031670578
18.6348581584186
19.3383592237241
21.2789970036111
23.7861792568966
24.8125202732877
26.8246615274944
22.1334843052098
24.2348729734496
24.0636024210705
23.8757442716867
24.7343516952798
22.0538984809284
25.4592141667917
21.6632745874371
21.2468488317164
28.0887217583034
29.2079701029688
28.4049843139571
28.3181199331189
29.4492004063858
24.0486703078089
25.4275057834692
25.0420405275357
29.3872989435080
24.6551695075100
28.6890546750208
20.8813117045794
25.8431521235382
22.8651486510436
25.7829115360793
25.3057209559244
29.5821542884785
27.9482173965237
28.8143826432640
28.3356604931928
27.6589114575314
24.2970314170215
23.9198475263031
25.0730451876941
29.4389659348051
25.4139786214010
29.4804864260880
22.5552083449634
24.7583442930748
24.2302615487671
27.8734542940597
23.6194319694959
30.0001621922005
28.9902816504297
27.9094787752756
25.0599776982284
27.6656460596883
26.2745715143663
28.0426236458959
25.7687256714470
29.7403266857130
24.7650574033911
24.5985742880575
26.7677334918330
24.1576509518080
28.8891476331995
20.7437487803035
29.7579085643299
27.4946908031297
26.4603334203441
25.2765057375140
28.1871185732589
22.9730089202111
27.6071758695872
25.5197036701778
28.5576086186301
25.5472572152110
27.9075331007660
28.9886150200349
29.7672504012873
28.4416033043505
11.8741719221179
12.6799359642922
14.3804198375273
12.5294644101054
12.9791633213525
3.69748417721649
5.16237655568980
10.2237794265341
9.04360692004730
23.6239460065259
29.8424158849493
23.8600718170806
20.5516713999685
18.3349664951507
23.5116251645468
16.0982427882923
25.7846558703176
24.4362284253487
23.4221025235623
16.7442207806843
25.6401820173547
22.1421070495171
25.3873270674523
22.6633707371628
14.8376396515323
23.0189340627924
14.5733195870159
15.8369234566758
20.3479921803391
24.0922972692878
18.3272178877961
20.4837252248355
23.0460309086796
25.3797708576964
21.7888501389496
21.4106844283822
15.5491685560369
18.7205836289291
15.7504052751066
24.7248070739067
23.3039915718497
25.4663850702651
21.4798291278056
14.0200547970075
26.3616390748598
25.7889588459349
17.5844970044888
26.8989096614310
19.6699778255252
27.3857295010208
20.2647257181922
20.2137392416980
18.5106870181474
19.5351092068788
24.4175926664190
23.2070069060857
12.2014675359719
21.2184723370163
22.8891715776603
21.0544365490390
25.1160776706393
16.3490996827505
19.2671522033376
22.2047882665553
25.5738354714051
23.6529794233717
22.2586749731255
18.1658713985681
20.6392032662526
25.5046150548854
24.0625160859822
25.4370740073441
21.2227874338964
19.2318674492949
22.5839902839139
23.4715642379543
22.6835473018734
20.4054849631889
21.1823136722099
24.9495632175623
17.6950237886637
16.3653370536328
18.5187619572664
1.26849465509306
1.71142854306221
1.68354739912337
29.9602303589922
25.4874850966308
27.6380756374269
17.9128437949922
27.0525459659092
17.7485002999663
16.6681194592831
23.5503693784335
28.1706655706494
18.3973870788152
20.1372415624115
28.3229855290440
11.6640894715971
28.9823447986530
30.4359334643979
29.5518452868273
26.7324133350029
6.85108021719063
9.00161132823002
11.0769910856601
9.21878602298499
6.90960860819313
9.05628865917895
7.85253095097645
11.7710031905452
11.6607105397911
7.01642028353310
12.6579415697457
18.4871775979422
13.2870504339232
13.1615930434386
15.5123184224614
12.4273727658854
12.0043050836329
10.7124477818527
12.7195756256367
15.0548637861311
25.4040667180492
26.0949681433637
26.6895615751617
26.6425986958221
23.0705644882029
26.7853132373779
26.9948261139052
26.7145977121708
23.1262575833610
23.0688169755142
25.3051303863240
25.7007353406218
25.2322746727170
24.4016308079091
22.5211456110936
20.0940469752489
24.4533000970943
20.5730423512528
25.0688457409559
24.5475887916059
24.4991521026292
24.7450364750708
27.0293001408657
20.8220145876689
26.7731570489903
29.0300623239360
26.1934223895326
24.5435883521350
25.4634825229768
25.7290299344111
24.6591259007953
26.2105481634691
22.2212016189752
22.1297251112511
16.9189155149360
25.1741386056813
22.4813890821282
25.2246620915385
23.3979335142612
25.1978677861197
20.6005792371061
20.0941310523523
19.2301559549836
22.4503963414067
22.8350708698691
22.6207068563183
22.4213164207911
22.9299932818693
26.8147231799365
26.2838649590974
26.0888172964343
19.6566662365856
17.9436667826674
23.7507968385920
20.8913894512284
19.3447723473989
25.6639845126832
25.5581415765788
18.8761984108897
26.4491288007685
19.3628672413768
27.6885850148899
19.3766873483086
22.8079198054886
18.5707988211125
26.6858839921789
19.6195951651708
24.2391986947626
21.2127369012857
26.7865340998729
20.9745959417950
23.8812381983662
26.7166122498495
27.3883076669268
2.99177891242133
1.21582667825288
6.01355890607968
3.10725860521525
28.2896093148866
26.4526916263336
28.1868091828928
27.5921910765783
27.6230811710125
27.3147755924224
25.3882409656348
26.6024955408261
27.8943899988960
27.7811287915414
27.8474951412733
28.0558753991207
27.0646715291503
27.6256163906340
27.6402150081558
27.4545371117245
27.1726249266488
27.4659763710396
26.1128089128145
27.1376649795454
25.3857790887295
25.7025175600865
26.1934054283894
27.6778973940079
19.6594137758292
19.7561647862481
20.1311949435274
19.7576231643165
20.4845309364137
19.9854615226026
20.6507230066125
19.0640851274395
12.5163595460935
19.8553847187691
17.9858909583082
13.2499171655169
13.3880011149727
13.6696311727761
16.5359160640663
16.7341354798628
15.4077630599947
14.4227464390484
26.5949727593259
20.9447292989299
19.6965527956741
26.1412690128139
25.9384845306254
25.5453734714147
32.0810461977336
23.6002650673900
19.4347665465958
19.9016572876624
18.0394763078407
20.3980001997009
20.5466600902777
19.9520975669592
21.7347129482788
21.3251083286603
22.8350332070756
22.7994304704389
28.0587042715838
24.2284479315695
18.9210357509137
28.3095141651443
28.2508810906192
28.3171643335697
28.7098876026093
29.3088890576366
29.0972917663264
28.4814256110000
28.6763383765413
26.6720695632274
27.9734056963116
28.4039573812995
27.4852737107548
28.1491176091702
30.2230770115077
28.4013094099367
28.6110249967230
29.6822541069898
28.6606133805989
28.2971336818938
28.8773086940792
28.6026700203074
27.7694906054650
28.3285089382437
27.9279143378039
27.8412115661351
28.4017141304005
27.4768640197082
28.1781503906468
28.2397774887525
28.0363687486448
28.1222502283500
27.9604667902444
10.9692426691821
13.4389456564510
29.4969419031140
3.17991007650004
20.8732483949592
28.2419486143166
28.9586707605589
28.7678890166981
23.1430058518635
20.4220240731162
27.9097895250999
23.4101253822599
23.5844557317876
23.7590399574430
23.5640006304672
21.9879671219946
21.9952498467987
24.2658694670252
28.3244049925283
23.7894286829387
22.0191903170617
26.2904923674263
22.5061210218818
19.7534206261367
26.8270284451895
26.2869978487512
22.8064372167751
19.3900471460861
21.7849661129126
22.8472461557809
19.7339285068067
21.3509808793850
20.6743395390107
21.8859832272363
23.7456656480727
23.3953262505282
20.8581966980481
19.5764183814676
21.4775374912952
19.4773680444061
19.6405944115545
19.3584398353705
23.2606151807574
24.7423490847854
19.3125334203214
19.4238521576195
20.1727068031978
18.7847029783538
17.0163659953476
18.7625152642385
16.8595582269342
15.6443365692931
19.2948936344611
20.3722349304620
23.6867008931078
24.5118818496841
27.0273663856784
28.2977641205764
29.8595099555048
29.7119084307195
30.7144737287182
27.6308933902104
30.5270779332971
27.9361204059446
30.4779666886069
30.1367886321920
27.6113561142201
30.0586186781733
15.0652270428677
21.8773928902837
20.7565267951289
21.1395994999913
23.7494805970861
20.8544024135289
21.9339567329271
27.4914305305882
25.8215669819529
27.8071492817120
26.2219901457532
27.3791684264962
27.1033457410237
26.1924600410315
25.6237102637465
26.1110000153089
27.4746841300099
28.1449381379258
26.9959077710399
26.4925854001000
26.4790772731004
26.5833206954147
15.5548579642882
28.1539698430018
27.1061301467266
27.5919623023186
26.8124439661313
27.4766273906543
27.6121609684610
25.4811343652448
27.9951578651536
26.2855537753767
26.1043405448377
27.1436296867406
25.7063753388982
27.1889514516074
25.3724887389340
27.4144902473222
24.7184669295097
26.7529896244985
25.8394177695410
23.0436103224683
21.8186264657373
14.4556855925116
24.4483932273032
27.3614242146257
7.48258921655603
20.0283935432320
25.1260290056501
26.0473481241016
27.9008109705638
3.68700806220443
26.4515898858107
7.45692560322539
26.7582605189980
22.6392326687932
27.2578860799256
21.0206103499725
18.5310899590859
26.1970232997457
14.1250396890088
19.9569424414665
8.18220020791081
0.287580806140742
28.7665038645556
26.8372902724330
21.0086234978550
21.1440532090290
26.7527620850614
21.6793958789163
19.0582455969817
26.9177016455804
22.3391320745936
20.1213660508221
24.8050780225664
28.0613365109234
24.3464465053877
28.9179962331799
25.4604435227572
29.1961543785437
25.8727872603651
25.3298174087815
25.1667141904043
29.2869317544516
24.6046828287189
29.5450520206117
24.9840976021821
29.1666956448160
29.0524727708011
28.8880187318102
29.5470347093790
28.8620512328388
29.7018702643281
29.1260532440182
28.6400904009853
28.8102119954637
29.5868034478003
28.8964095899591
28.9560088419350
29.2277136039382
30.4201213245687
29.8639119899447
30.4588499175784
30.2954900428103
30.0651518384327
28.6817317239373
30.2862051023517
29.2124681465485
29.2601157274897
29.4479857692575
29.5184471968821
28.7865795151532
28.7644048186280
29.3502837747073
29.9905824198895
29.0058104505439
28.7944079603578
27.9086162543764
29.8435000562074
28.5760171976149
29.3479213568291
19.4343010549436
19.0914247411773
21.3826199598227
21.4514329006537
24.2044270280395
21.2584213169635
20.1867825859769
19.3083330533533
22.4128897216217
19.2590381185117
24.8169189486086
20.3688849198805
24.1425928974052
20.6000823069481
22.0530551038724
20.9196438688776
22.1056591136997
21.3527639143506
21.4201579641546
13.4596313759920
27.7377114390987
27.8989426769203
25.4732733126312
21.7222736583817
16.5377237552824
20.8411913803762
16.8950258796449
25.6580116620071
20.0188595199784
24.3019397024880
22.6986381652309
16.1171341877374
21.6433036667219
22.7488441606523
22.6275301761742
16.7990603561480
24.2089978116288
18.0093399902816
19.8976959803831
30.7025649695074
30.4739879532618
28.5754190047851
17.4750266232825
28.7170709429999
21.4845824754396
31.0074891576649
20.8731384953768
28.4400104684223
21.0988337923245
21.5289684343675
29.6048006158357
21.1327355361685
22.2927002738953
17.9746362672581
30.5272018754725
20.4259983821093
22.1282045667296
29.7146637074142
21.3387910978300
22.3230552332663
30.7865290372833
28.7028248446995
30.5267357480343
29.5214247343937
17.7416645847985
29.8886445036352
15.1802623856469
23.2778092419449
29.5126462410092
30.3374574065228
29.9741054579625
26.2933248465812
28.5518131503723
23.2366080276146
24.3123856722254
27.9331968172840
28.9438478450920
28.3361154009363
28.2657576137396
27.2952405120053
23.9233797343336
23.7535684754036
24.3737825236039
22.0448223003306
23.8882376783103
23.0181593776307
23.6294132771131
23.0792168825620
22.6674136878524
22.9779909540219
20.1425030292506
26.4981646661331
9.17935171956644
13.8149808783656
23.0981135119463
15.4976778521641
20.5968635467257
17.9214944221613
19.6843904596994
20.0767915526084
22.8065351342737
29.5752692411329
28.9388923000897
28.6242438062586
28.7038075027140
28.2031038512996
28.0342403513974
27.0304162511357
26.7862055139988
28.2144341652379
26.8292896418513
26.9422317521871
26.2329450442213
28.0306769853792
26.1129561588336
26.1230580068414
25.2254374988668
25.9478369278766
23.5147254886276
23.3588018394276
22.5319292302644
25.3415995781716
25.4245095068432
25.4507856359417
25.9718219278680
29.4546879807753
29.1750384248647
29.7288398184170
30.3340229773468
29.7752271412064
30.8744811627354
29.3713225250481
30.0230103413629
30.2218690331749
28.8614868996714
23.3875753250827
21.4722463386200
22.8840546029247
22.5428665923803
22.9225861564921
21.0855349859624
25.0693650369914
20.6833372983430
22.0697445178086
23.0929344509551
22.2885119741008
21.6921577907280
22.5483521372214
28.3345835772720
21.7240159246537
26.5856254671365
22.8831895596458
22.0894739273420
22.4631905571430
27.9099683150949
26.3767033455217
27.7028807747646
28.9546520240092
28.7284390824574
28.3590029197923
29.0315533546548
29.4823381430330
29.4387320168926
27.8692262608269
27.3722054810700
28.5159065343301
18.4971613810683
19.3136109523817
16.0553350383697
21.5055999768600
27.1402327768544
24.8658741398701
27.4610732420898
25.3060407606326
20.0217743332530
25.7082539314401
26.2339852077370
26.1333022615016
26.7023296687827
28.4134042048665
25.8807716646354
27.7383399092188
25.3219551499762
23.8564478241589
27.6848782413020
24.3223453687697
23.3612443487692
32.3731794262332
30.6923853593275
26.0145434880645
24.3338806952405
22.4865245770967
25.9819883304016
28.6354836046792
28.3078738362013
21.7283668706815
29.4579900038663
23.0151584354806
20.9123546927622
22.0268925336921
24.0001671944296
24.9450741888043
20.0342617856372
27.5926102653634
20.8837869562633
25.5016347187182
22.8105547741510
21.7872989135721
23.1328599690222
21.0508502899433
26.5450151037403
22.5066042754162
25.5597557600994
26.9701818233407
25.8292785685224
26.2555822430068
22.4318502903608
22.0999881530843
24.6114903794575
24.2990818984237
12.9486351564179
15.7916747852700
24.7720522166864
24.7001858707012
25.3434615237666
27.1285330875649
10.1433180147746
1.24289013787107
9.80912463161062
2.72535375903544
27.8201606568585
25.0311232720248
27.8297842664786
26.7873432288763
27.6784012319951
27.3241683737479
25.4124048770087
24.4922846257356
26.5153550019910
27.4449738831559
27.6939141704691
27.3628415376099
26.8534036528519
26.1270907720150
26.1665407345532
26.6372475492070
26.2841458964699
25.9642326671383
26.0764519263700
25.9362363297503
22.3098113105012
23.5867422295819
25.0875714233119
25.8702048830334
24.1025151239578
22.9114207063530
24.5729400020374
22.9761576388661
13.2972735438990
25.6783063077355
24.7498079563806
24.1465128965426
28.9215514673487
22.9804750339047
28.8315793896678
24.5059628155478
22.6854344191482
26.7898006082771
28.2171680759700
27.0959616543024
27.6274811171001
27.4010178928241
24.8686012101839
27.1303865752683
28.0480436078409
26.8453875294848
26.0528046101899
23.9082396859268
23.8535608441885
23.5905481333433
26.2211127079169
28.8707423438724
28.6557180001635
29.4318758916037
27.1659188344392
29.4883831037751
28.6569316935749
26.6678995276961
28.9868694735725
28.0856796960318
28.6639465479869
29.8008916462047
29.9173022670556
29.9760254944482
29.4374707976516
26.2210704905860
26.6933527698559
26.1701527811750
25.4401714085122
26.6296485228255
30.7252128287976
24.9997494939963
24.7917296242466
25.9841044850531
26.9260625913057
27.3245788849208
27.1757638148054
29.6804468843532
27.3038738547172
26.2262696895584
27.3521940148653
28.0606739888556
24.8862604002693
25.3063837027663
26.3629465806847
29.9583253678801
26.7726967530520
27.3971437008730
27.5596969415948
26.1424149151910
27.5360232292685
25.6915151818362
26.1632667980234
29.8658920946738
26.8010198852584
25.9804211424252
26.5591186760355
24.5169968648302
27.4419743579674
30.7375305562336
29.9141912269111
25.3282341067804
27.0863100055307
27.0189514578565
25.6444137756471
25.1004043469038
28.1830244431641
30.5834002234884
27.4680655949643
26.8073138915377
28.7503491749132
26.7976603019318
27.5472661035573
26.4749404706295
27.5664390073984
26.3591036277379
30.2352202540012
25.0780327553713
28.2488174929148
29.7470912558349
25.7122690000075
28.5097403603734
26.4803273397859
25.3225492146846
27.2937812987495
25.7621218380033
29.1863847121117
26.1536527644709
25.9943763764712
26.8842918280309
29.8075556463332
26.2206916190282
25.9714266348913
26.4727775633953
26.4726722120669
28.7697791304606
27.5820297649439
28.6963126030758
26.2399814529824
27.3925427862727
28.1642157688623
25.9762781574481
28.2341256905632
27.5864379996816
28.3830611721084
25.9462355494570
27.6325990347712
27.9611398876252
26.5165161366234
27.8984233115008
27.9617154608958
27.0574628157236
27.1945655680835
27.9913711031783
27.9315587968353
14.3108679559595
17.7094156109533
10.7643330511095
20.1866123445659
28.4628728208400
14.3885607361214
18.5690375855427
19.6287272768666
17.4927996155338
18.8378093918117
13.3470584284718
28.6070801864662
13.1259707531755
15.6886713302778
17.1864520138827
28.8373951531937
30.5408260370324
29.8290766918260
30.4193501659790
30.0720606096651
30.3216244358136
29.9062140999384
29.5746991443237
8.21673817798062
6.94638712728961
2.56394582224897
2.35761421535030
3.86998602561233
7.69537957595813
9.24365879710465
13.3767460585224
12.4419159519182
11.9460313546064
17.9752054334769
20.8712983669858
25.9610363927958
29.0626327932304
29.5410910712171
29.6353296898515
26.6977268109551
23.4536802215223
26.4152424245966
25.6609749959937
26.2673834241610
26.6587840510118
25.9286666976114
26.5369326168763
25.0634374060689
26.6480555698446
23.5343206318952
25.8062185652803
25.1558931772098
24.4040552353675
22.4335047301672
23.0388949811508
23.9492563645218
22.9357173247717
21.2344799074677
24.8465814042376
23.6273280351311
22.4228918659436
18.9680730021242
22.8044812304814
20.0651360102810
19.7282525156740
15.4094878784366
20.5326552999005
19.9027080015850
20.9441067640874
23.6819073069488
20.6438334374094
23.3824430342880
20.0310129029512
22.3278242315061
21.5195031473006
22.9271277278907
22.1221459007560
21.1259286306151
18.3026489181941
3.31166337611572
4.22696671361215
6.61983411548629
6.75652154744277
4.54440638807813
9.48144199922157
15.3557028523554
10.4884017227613
6.27369452399129
1.67334169478696
1.42281125677933
2.71153397866804
6.19688378941103
10.6884123618510
12.8784417339036
14.9890572989411
14.7711493619121
28.7043512918801
28.8356044162679
27.8153131690942
27.8950811651398
28.4479123318056
8.62820028374220
15.9228901307847
24.5162978506323
24.3302518642950
25.0093863930543
23.8942018594499
24.4682876983887
24.5049025732065
23.7099228580717
25.8084159460207
24.3023591494350
22.3310974047018
24.8245410557542
22.4104880287496
26.0442951038922
11.6852486815352
29.3314070247357
29.2000028356374
30.8945463509441
21.8842202913037
20.0239488820388
22.8892918809347
21.2287829398294
22.5487554815559
20.5559186349096
22.0978097724876
24.4060605920862
22.8563097029191
23.2536519858123
24.4314263856194
24.0859182741076
22.7518915204676
22.7611032615916
24.5641892223531
21.7243680204963
22.6444165698678
27.9073035217268
28.4616299613148
27.6279178991436
28.8686049441398
28.3479456530462
28.6928009346300
26.2799093312932
24.1846517332256
28.2942768136007
26.0558833822050
24.1556922672203
28.8628583440106
26.6690025449117
26.8221742503615
25.5092262779903
29.0957476407442
24.5619863318550
23.3276954694451
30.3357592372978
25.4751460911495
24.9282366655637
29.2999670735127
28.1639397661770
29.4019530299310
26.4760934403865
25.5847843753872
25.9535614345726
21.8232261613650
23.9853739467466
25.0490931535251
23.0806598476083
28.0011533763259
27.4142411544561
27.4799500812980
23.9167073887424
29.1166213089476
27.2327805497229
7.64703072133808
24.4991196160579
24.7581694750121
26.5887245778103
26.5349066745390
29.1687497327687
25.0568732385974
28.3514193930600
27.3603983133588
24.7878867756628
28.1185715429020
26.7965477946477
26.6813640175049
28.1220315839983
28.3082762236614
28.3200233932855
27.7161822608769
26.9368140614221
27.5247489093279
27.3758606135926
23.6759541504910
23.5682629642783
22.5205157250313
24.3053002000487
24.9524387945222
23.9373501032207
22.5889434364430
23.3267195459867
23.8477644750161
24.3750493929694
23.3575784695359
24.6835494194126
22.8960084761772
24.2599174795327
26.0574618831612
26.4222668268252
25.1001490081705
23.4968621297586
27.1614450191868
27.4191222063263
27.1010206094568
25.6574124917288
26.1455292831953
26.7029679716563
28.0242349908638
23.0576961740094
25.9851925991090
27.6775192281517
26.3262089316754
26.7754924377181
25.7231223734642
28.0559796579639
25.4026876422113
27.7036199701848
20.7158956540510
23.8281294096626
27.6475004856588
26.0695879285424
26.9553517564668
25.6843836374330
26.6834417103109
25.6974666664916
24.8589497267517
18.5314607496301
7.82036203646351
18.1540440190538
20.1211528093899
7.71753958184014
18.1842953828550
18.9024619759277
9.27612717932117
16.6420886807472
9.45975832704630
14.8420339057606
21.0006995623054
23.0940984329627
28.5676593361932
28.1813098982213
13.9258170405569
14.8041228362163
19.5561757062477
16.3921507842369
19.6050588364161
16.5166384413914
24.1731111095616
12.2439921895102
17.8775074463007
17.6523022412318
12.7600522041256
18.9676573349429
15.0399686325992
17.0025499009919
20.8298428550207
23.1217027679985
19.4649158449036
23.9039487922391
23.4587585856725
18.4575357311805
15.4136659170629
22.0639619552572
23.4410224261413
23.4289802248206
19.6581560344173
18.7380358153007
19.6391981662262
21.2051736173856
19.9287533803591
15.3542487365940
15.9168038907254
18.9459210162970
18.4835828230615
18.0089809414071
22.6070584553119
20.7900759916202
14.1004315511824
16.4601741999597
22.9669153801805
34.5381478191377
25.4661418629277
11.7518958749220
20.1122531161428
17.5282789421050
25.2782375795710
23.8619487291785
18.2850392138526
20.1974576050674
18.2919452790303
20.5808626701785
18.2168894164371
19.9377931497236
20.0466756299948
17.5841521617894
22.0239593917766
17.8404538201271
19.2848084479025
18.3182681359234
15.9112528112144
18.0706455165115
20.8179373205982
20.1356764545675
22.5143947980275
19.3821313167066
18.6990535478437
19.2622474571391
19.5352149432811
21.7863335900716
20.0399555205446
19.0170944672712
27.1053529328347
12.0998888816236
19.7119582161835
16.9495842783962
24.7815905752606
22.1822530723895
24.1903252591124
24.2707117836008
20.2389954270753
20.9664232258326
17.7355377709333
23.1752083584442
24.2885922823945
19.4909144696094
21.5602984631921
20.7982524972361
26.7317692125661
21.3212319271235
26.5714643172947
12.9740051554533
25.0544035186853
22.8292954334585
25.1184537197072
21.4852621606266
21.5013701968480
21.4100561120631
24.0742151219752
15.3048919740933
25.1240514501011
21.6823384105589
19.1346300769001
20.4679499597374
16.8484865152943
19.1755646571634
18.9146194895224
16.6432524160036
20.7834250513331
21.6995048430794
21.2843593474649
18.4735605752511
18.9567693715507
18.7651653243359
21.5071499381598
20.5276654288980
20.0788589547168
18.8178476495390
20.1982059791184
17.6193740974651
18.5746254242777
13.4880577378046
18.1760177300313
2.17152524361998
18.2730913750420
17.4193521961612
1.84458714150314
14.5387759036920
20.4799125016875
21.5012911909608
19.5635987772521
17.7038727604502
16.3870411799748
19.1507874042893
1.91376267745494
20.1257594761385
11.7332057416422
20.9888622693391
23.7568286371388
25.7511013402690
18.7849049927009
18.8712227507394
3.45834378956377
22.1918082313681
23.3631346128483
19.9617640797577
18.4120788340598
20.5452583419447
25.3485320332494
3.52877831333556
18.4839917785287
19.4821233544770
18.1372808641796
25.4676967641469
18.2309068005122
23.9795823338654
4.65892817225523
19.4487167327283
17.1882921240230
22.9707179564964
19.9673290661039
3.20135731237440
19.2476058232722
19.6418419845602
25.0586488063814
26.0467749105367
20.4777236306954
22.6118849085333
18.3038888541779
16.1411402961382
19.4406587315802
25.2945869545251
20.2742795161427
20.0808864753649
24.9258926274365
19.2617302396060
19.3054592164856
18.9064829231112
17.9046483623166
4.54546146550290
24.1852034965162
24.7088767602679
24.5080571700745
18.2105232284779
20.4772947297969
19.8210541555681
25.7214212751635
4.35361611306509
19.5291552375065
14.9688838322317
19.4297706962213
18.4953418308374
3.69276098893068
19.4791697815435
15.0662743192874
19.1963928602850
18.9409584101298
5.08336131653591
7.93035299594589
5.08841330604386
3.41978072846799
16.7022786064305
3.26708875130130
6.12294396759679
4.59520084252988
20.1374188658054
21.5398862493569
18.7434318580942
17.8166833197151
14.6548396690116
4.67322273312141
21.1495139898271
20.1269604909631
20.7930344126841
17.9786243652623
17.7948665915571
18.3229284057350
