0.366285855893884
0.118236613948761
0.0833753439297094
1.27342808882837
0.461394005189000
0.382323867141500
0.293987075841651
0.101637772485454
0.563472608877428
0.0124167093416245
0.182002605365256
0.361236838429596
0.107488218514867
0.542354379450959
0.248457147328995
0.290727305673019
0.697679858063205
0.129613982649955
0.0782040370593009
0.129003927912845
0.140038290911670
0.215254340355718
0.191585509245724
0.0468266085990210
0.194938818437600
0.226360680683534
0.284968973130092
0.0932362650918586
0.172951746732938
0.354519870603098
0.140380115474949
0.227953146362987
0.275304158404933
0.210524052224025
0.172841842794640
0.102395905782402
0.279693281212446
0.230476045637571
0.106924363828111
0.291588215090970
0.191962021961717
0.215795735032464
0.206748261386743
0.00663096779443270
0.275641710900539
0.198605522473828
0.319638195404506
0.222547145641141
0.217310191500446
0.229102465400318
0.205031822220994
0.211993819036497
0.128083763707209
0.149110792588111
0.359830507261821
0.191807970750428
0.0160827715055952
0.205900421567109
0.101260278581795
0.247011361288280
0.288761436785968
0.156275891393561
0.301717369927802
0.224546949315001
0.135284214856043
0.907548696218953
0.426304063997646
0.0832457358282171
0.361348461448480
0.178836174763300
0.233175956256308
0.195001577324342
0.136209978955162
0.0653813285661494
0.236260424037646
0.184583344129010
0.924125635417878
0.174825361514212
0.474766195875852
0.960335858499797
0.198443011328162
0.250059416007625
0.437882137325990
0.275293638139639
0.280181795249483
0.256512036314409
0.140324696135473
0.0682508116676898
0.687769541734830
0.195360976890929
0.276463695944911
0.0958557800125056
0.261728843766317
0.0933558465971347
0.324112711959888
0.244666306995278
0.270712027824019
0.202297704238589
0.286677321035119
0.114675013075061
0.369965100109757
0.260978876763248
0.0183123945766120
0.167899010604577
0.260279924831801
0.133211072120649
0.171258675887430
0
0.143328466658611
0.237330394887900
0.374787811385927
0.336326693348871
0.514286343102846
0.422362596657635
0.247633997778840
1.19748526908792
0.289592668693886
0.519767601849257
0.122378490325383
0.626744175029639
0.111127715453582
0.415764742273286
0.745564607611673
0.218915598351264
0.229191311647194
0.343890144244888
0.284315661389699
0.137642576638759
0.299474248603119
0.300922544662186
0.235970414930746
0.199086528663973
0.258220809894411
0.257390968848635
0.222255887223019
0.370528644130660
0.463205140126818
0.246489704108139
0.232547061550965
0.594625078352442
0.449082154154077
0.360727729888788
0.352026487259924
0.176581533506003
0.186825869749224
0.174921142120322
0.337946915717214
0.208109543458890
0.208498484194156
0.232654635196175
0.249628721226251
0.216540235465206
0.731962695804624
0.145770323145920
0.378291323177160
0.0314199204024361
0.195117355772400
0.529175044949074
0.858648045253008
0.140146443606057
0.236259129757532
0.208486556276704
0.246686347097612
0.192107133228163
0.138746139193646
0.179926757944645
0.154860823179504
0.389097737664429
0.184072689217671
0.178011941468376
0.175313824106894
0.593570744282732
0.294311724516552
0.184119480806513
0.171104068956775
0.306340703847842
0.120234714093535
0.238899538764786
0.315499013076988
0.281593215800870
0.565438224335724
0.0481291372762970
1.48363993507058
0.203966074389394
0.197115420290602
0.167510976021614
0.539707916561050
0.934191945864483
0.196901168376580
0.198452349384260
0.172787652788535
0.365733775026485
0.161137136651993
0.491246560110990
0.332208694509225
0.105775634248406
0.0989220813430404
0.947101495156155
0.119239960664154
0.196034569719871
0.144549218047832
0.399669859338460
0.136094243248500
0.152869943152942
0.594660147109414
0.215865216681360
0.114983947378841
0.122275842463961
0.139996328235653
0.266268716679661
0.158752460975896
0.184109522202885
0.179208351457155
0.216325271939507
0.108812613574470
0.0973895846083554
0.281210931941641
0.261014300133095
0.162326409013191
0
0.102986815706463
0.122163052603698
0.175302043315930
0.103586568307261
0.677717251857443
0.116270653679773
0.0592335929963754
0.0243874603275213
0.0583662104128370
0.0276361811708622
0.102799555444842
0.0733617395427503
0.198208666410313
0.0769828462136155
0
0.0968153893554065
0.0803506208911614
0.0574921519923594
0.875070692490650
0.174182458251876
0
0.346677971364761
0.529751481238638
0.313931360868548
0.127112476648191
0.0908742002688700
0.0171023535330462
0
0.361576231450157
0.217201070001093
0.229422547738915
0.154704110595639
0.170877478936355
0.112165245096049
0.200562559533389
0.270996567657319
0.110970555567815
0.340464871214865
0.300944197744859
0.122774504528867
0.347868800686878
0.124762248959915
0.155803938646151
0.118125000000000
0.0198196580575139
0.293648578220480
0.124943881858602
0.0980568143389802
0.268377078234450
0.524938358702724
0.141162913116461
0.0797976742487919
0.0543042949965571
0.425389099421239
0.106318105933151
0.0832044850558565
0.409166602312281
0.892346589323828
1.63332589107972
0.703516909012638
0.204382087575060
0.683869719558502
0.160779625180027
0.302522657272114
1.17791525993282
0.162422516423940
0.176809341913870
0.146012138138756
0.301006972337163
0.752893882622866
0.507307841679815
0.114791783498085
0.0504987906253332
0.306846413832157
0.226337016656194
0.339183642710643
0.174262612990069
0.388305882368396
0.124746721631357
0.109222759888920
0.161312651968173
0.715255498711824
0.903322365660090
0.574471746592101
3.19184357937857
0.279355000825644
0.544554867996281
0.264800392448165
0.231183965776516
0.234432660954023
0.237457997263970
0.342567673442057
0.246385763358476
0.173915295432275
0.00783430352175308
0.125077900924960
0.0599477026881199
0.285308232239214
0.206767226238442
0.186512889407769
0.273967738102613
0.102647182129466
0.292033073280391
0.272047898467837
0.259416327747993
0.208618504248997
0.266041665689199
0.744445827493937
0.143006640672955
0.169796646457643
0.204642418686880
0.150366434982509
0.182855827193552
0.192619166403969
0.147073259705140
0.144316489141829
0.142754534781547
0.179407229123096
0.127266866789706
0.185792277799666
0.183057379854832
0.136951023252277
0.136630256190789
0.143825096086120
0.117212951425148
0.140612517164879
0.155044242005134
0.130231384739797
0.129221777509883
0.586602549225261
0.199285112668466
0.116180481783182
0.140353810047123
0.103833693445956
0.131520382203717
0.168191994271614
0.0924723703354039
4.28688486840634
0.775358388195490
0.332555963570820
0.883711222606405
0.969897873058177
0.166787745188820
1.25676154433422
0.649049564786254
0.276282367252586
0.122222954010552
0.408840758304013
0.257419848428771
0.0661709982850463
0.112676193905386
0.0698352611416632
0.633249859489931
0.230165137397710
0.616799599251990
0.0887342992387748
0.144056849140491
0.0604546473263873
0.0798450195780784
0.349121931673783
0.0310567250835424
0.137301798282790
0.165230559781900
0.111735509893459
0.240503110098875
0.183636478105006
0.0868338454548397
0.960337779041467
0.0638837965770870
0.261396831042678
0.150375953842191
0.0548066717916931
0.300414912624627
0.0291197613593152
0.0286795189968716
0.323402631324751
0.473373495744401
0.307079569740587
0.278771733381239
0.0589158429025283
0.494250856562624
0.713403588174678
0.399715259543430
3.83342084249854
1.27291738012086
0.198077001337314
0.164237839961115
0.916066787456061
1.46619952387109
0.137957493542660
0.191563971796987
0.227585960851401
0.403291213641532
0.539889866989239
0.449570047751544
0.0254171405050301
0.0390491367670482
0.0409831352902395
0.0601243526269887
0.121421952295290
1.73054806254790
0.274951912651305
0.584217014647136
0.0583013292706292
0.313964583581741
0.102166572913128
0.304831983402795
0.0681323303493497
0.243435628905004
0.556829599950393
0.337832878410828
0.197570220049522
0.473055261685031
0.170523649777907
0.945536106166592
0.204278776259818
0.0114731122280999
0.0155790250797154
0.498512800179582
0.171100423582862
0.0730680846726216
0.152241292638446
0.0845669878289400
0.428990541707235
0.260070818621149
0.126002862042733
0.221282912586645
0.201735585658000
1.21333931515602
0.696706235049489
0.0992722955985138
0.115294801262882
0.714846968374095
0.107761617892098
0.148950318020245
0.240096801125322
0.0729785671277699
0.0899395316189151
0.171148505909552
0.132979018320017
0.297280324656948
0.111617203969068
0.471055422138724
0.281766828481030
0.996861112086598
0.214750917846424
0.397580511521907
0.470256253332448
0.177026382339238
0.177691973913053
0.160881632553544
0.155222943721336
0.134688316740786
0.143989661937018
0.151844594984330
0.188572007088859
0.0467170528980036
0.115368440833201
0
0.0165894736199988
0.0483519916141743
0.117878460165878
0.0189651327170409
0.0132682080709604
0.107624085087213
0.100339175142229
0.106543652788500
0.0483519916141743
0.00802291622305353
0.0848644397723114
0
0.0821466261768295
1.54803808171929
0.109278635874541
0.0532806586632126
0.0300059659295582
0.244787689162970
0.128883890415263
0.0598077032264187
0.0801915142289007
0.189138056803610
0.0616550879326116
0.215852660704908
0.269439405338304
0.123634649312846
0.160176823350520
0.131797598052149
0.132106374452426
0.00891519232666626
0.0798930766800348
0.0669336122190262
0.297100224153965
0.186003619479959
0.561491306797963
1.13999926833945
0.993270776944188
1.27232371092559
0.851012881548070
1.90813204634856
0.698166281682655
0.605586199021699
0.353815903080682
0.102266512230580
1.29868370444347
0.774879432084434
0.209997561300326
0.653590790274536
0.238025976730015
0.902050514215170
0.806338847331122
0.785611105506697
0.566522579318823
0.223568095247370
0.301265703711868
0.153467077732613
1.04843049279601
0.208600295150626
0.310713714202544
0.362099877748742
0.198730297682606
0.301970771904969
0.117065923344942
0.0639648326054457
0.570836259158135
0.113638177814404
0.0484837331946048
0.772468557082689
0.127546549494875
1.74375502699132
0.853729487547994
0.992357051276271
0.480336880331780
0.350784709133971
0.314633662760457
0.201672401716090
0.194448478997977
0.212424183717930
0.286800852013187
0.233240431543888
0.238675154904462
0.236025892314945
0.317955640426353
0.380674891899585
0.155119983669151
0.405540959420695
0.601527914509913
0.593615837405436
0.174678314664201
0.125734726455572
0.145224686188012
1.36732048487706
0.206523468338203
0.0966061729428155
0.102022645887979
0.0622593577056763
0.276575309498092
0.141176370957162
0.241268088715737
0.0778780892752160
0.210582037324254
0.235152731646051
0.0675679212956837
0.0568250288763815
0.100354704695908
0.250246350569130
0.0752185161473948
0.267987017684472
0.137498881118730
0.243477734660831
0.113418144705117
0.103253041919185
0.0618839954601161
0.277136104947149
0.240263522888118
0.239378951666601
0.247056467447827
0.0609152480047804
0.0555099071305414
0.268500826988967
0.241306423720192
0.219840047112194
0.204887496721779
0.307304508241580
0.122001203042186
0.305370299522563
0.119802985555228
0.170535706642032
0.180391287913900
0.181892042514346
0.100713235428233
0.0101504818176551
0.299749596946848
0.169282795980923
0.316751419064747
0.564194291792882
0.0621579830525990
0.160581276236008
0.0293960418430726
0
0.0207137855117589
0.113000170215910
0.197940181213793
0.0848600691143624
0.0521735179229256
0.0173986256523093
0.0196634151224364
0.0818450901128839
0.0164295493893012
0.0258225419158217
0.106464558150100
0.174396341437038
0.0432447370939285
0.0784982155087329
0.0323911726257973
0.0104582044772665
0.0765209787210305
0.0667539769073797
0.0679931358685654
0.0179541181933276
0.0667296757972257
0.0327547309428233
0.0718405718830212
0.0320005038752455
0.0500944203069249
0.00785712414508146
0.336485229514606
0.00664102687703396
0.559624201616781
0.134164534144030
0.850553876763173
1.41834253790977
0.142783862971833
0.544486916926688
0.261578866401470
0.0952151266414133
0.123172808978597
0.0680328431708223
0.0888871594992233
0.301878047247389
0.159981316262768
0.144906685556127
0.388233987408500
0.377997100271464
0.380488028850740
0.707160380598574
0.204744706260346
0.134753480139740
0.203508039707585
0.100074185241873
0.321131662550944
1.04622974146677
0.521634536133565
0.169296322240009
0.146649037036541
0.203141301942403
0.446122456410657
0.146592370812993
0.729194632947282
0.116669284076951
0.199125745489367
0.416658890184698
0.0919654447999927
0.106658434529577
0.413666909160044
0.535950663002622
0.533893062306255
0.222063484239014
0.239757494845565
0.210402571476124
0.224137850184740
0.226231648490274
0.0925408393451289
0.250189751424053
0.398258705552178
0.378089176757527
0.606392251911697
0.190373627201900
0.436686278535076
0.197195592010347
0.199161661329369
0.213492930522644
0.641376277906650
0.143827625811822
0.0926251688531762
0.0838813428746419
0.156799719963271
0.0628743367748825
0.198397026145056
0.100577749860395
0.0491953253725393
0.0447909750291739
0.0149869937392166
0.243350632268306
0.0798941589398714
0.365937905558998
0.256660593071425
0.199527037789936
0.229603606060090
1.09646054705100
0.231101555138157
0.763878667505118
0.229782149414021
0.198242032607754
0.298786633436680
0.119356709150897
0.298253848342048
0.359356436720492
0.142179291143213
0.250801325316111
0.289230060560992
0.105730713808455
0.102101195771283
0.0151545739270415
0.0101504818176551
0.107799909214270
0.116552652688867
0.153288399791194
0.214601538880431
0.734232848648303
0.165649478730310
0.514713239760139
0.212743368520593
0.383937294581396
0.760892368357694
0.0293960418430726
0.167176682290394
0.113449440102971
0.121807949863962
0.100266219456701
0.153356714226602
0.138105585329329
0.132036185640672
0.112809377539721
0.148456435379985
0
0.192793594704159
0.248533511383209
0.165712110717513
0.147411633764681
0.137145918611808
0.218884197587060
0.362824198825974
0.559990167194867
0.200975851262233
0.354429785821691
0.732723468494705
0.263320930119712
0.285077082662410
0.604213311639749
0.367203956147355
0.346234663367910
0.527459541494831
0.467445017504753
0.375043199110443
0.312577426806596
0.105539838504037
0.0403093272448064
0.0944719451684365
0.0899006813553321
0.110951044825216
0.362438994139577
0.450421972152828
0.438794584353267
0.0943522849411501
0.291496110035756
0.796239417968132
0.0710067294648050
0.239001358791799
0.329291092571191
0.106634564740731
0.334125997832818
0.753511795326778
0.247687220245636
0.283974735599717
0.432428662653124
0.196364730000077
0.383056831232467
0.336534980922064
0.400339030742273
0.389801759405589
0.563022933369358
0.169464025856065
0.396411068710504
0.387684399148205
0.532283565777250
0.561661401064867
0.436817923603156
0.509907102565185
0.378719969036985
0.0576307385220515
0.726943092330146
0.376514126840702
0.374015559361692
0.291276731927810
0.240744896503198
0.192302582966145
0.769293094507540
0.275077319610062
1.04274672369276
0.579786282075614
0.479954793118957
0.142787990215096
0.207756853959463
0.149742144337304
0.465298631294172
0.281625542496194
0.0987214098644985
0.186117764561807
0.352190666276952
0.351952618472499
0.183829555783160
0.267976806568023
0.623688364780283
0.0166843292823687
0.288302533203151
0.300624366391630
0.174895195172969
0.0876027869144482
0.100962871340276
0.0587394018268238
0.0649453054580306
1.08218749193978
0.362113348591237
0.0507491545465877
1.25547463858775
1.33140827957319
0.274846949974776
0.313865745356343
0.148990560686071
0.304118165982224
0.114037324168322
0.585318389845318
0.765471620057243
0.502521253535023
0.120083307154794
0.0740249051155694
0.802122079438428
0.240048055621218
0.226950857831287
0.921917051903863
0.269736196072018
0.584937008088554
0.0143039673868061
0.231824386601930
0.286899091306247
0.123869072003774
0.296565982377510
0.295793829146824
0.156588514668280
0.0830473554262524
0.364694139750158
0.471869887036479
0.446215063065753
0.370556313944608
0.239481673920015
0.181968580255038
0.192593190164921
0.100836163960410
0.0137962157831101
0.0115035445728201
0
0.260316276784800
0.0217578090194840
0.0844695631295458
0.0143254112586481
0.0902632176702773
0.0784982155087329
0.0183123945766120
1.25937946216178
0.304766240353285
0.142495241709995
0.0863790969739441
0.290603072965384
0.106698165292200
0.139915403760541
0.0955936827053875
0.0725686475338639
0.0645071513866966
0.456830316402672
0.285151784858298
0.323856347905786
0.400241420938169
0.146713836659559
0.557437360062625
0.111041220288081
0.546673543222547
0.451769333893075
0.359896405153932
0.673023760587547
0.807250540402231
0.731228552439709
0.590067351556540
0.242664658582760
0.803597359506759
0.445824426809359
2.28881568276728
0.144445213304205
0.143058053391016
0.218617052461186
0.0361615705627917
0.633830829495515
0.277788043115599
0.311467091884453
0.207099939722167
0.358579045858949
0.497670374261091
0.910717585263287
0.406331507025359
0.460276134291256
0.0302296364520933
0.219498643343082
0.603267446651839
0.277339142803272
0.621244951513816
0.233422331972802
0.0309304059211502
0.329110528339227
0.293896028581191
0.0995597243331803
0.333666715256492
0.0843500377795672
0.279642383908086
0.196717710232038
0.282808157585020
0.198494001269804
0.403526854755552
0.676716753707373
0.634183268804047
0.110201475019589
0.171054787864908
0.358707062566301
0.0294902629435670
0.0699344552380564
0.935777888276879
0.658691400496980
0.166190101669503
0.315358739365661
0.140627550218704
0.253458595894848
0.117911132206234
0.678800345105699
0.466284183848507
0.572076176061713
0.517689014487123
0.246276137706062
0.0834620422106439
0.191540655402874
0.235058349200139
0.107702407572690
0.102355695746742
0.144739137133259
0.0170637183361687
0.0761219080386507
0.719588988984893
0.0883626054641652
0.0811633521074909
0.0483519916141743
0.0123236472711824
0.678395274020316
0.677267361551433
0.129019882163476
0.252805162057769
0.0289439801098219
0.193782496968886
0.240166065358838
0.219624821021729
0.734880479507346
0.372547979074526
0.266199688420066
0.0605577479492933
0.464917337526562
0.384748761112810
0.396061322209731
0.450149941026144
0.603015440136873
0.713637319058023
0.00785712414508146
0.608067762339346
0.282441231490101
0.469747494948473
0.276906378800880
0.120218426353775
0.923786815993799
0.342635010802289
0.226009305723562
0.244877186776339
0.750824935729328
1.09840009451811
0.273338656438811
0.695097398872875
0.00556437834369827
0.646243385231200
0.224470494212473
0.313291709851480
0.249233548041785
0.204087751258776
0.112695104051303
0.0786986253782409
0.103771131826525
0.0263681816595678
0.0926207972110274
0.262723961442424
0.0332936979785969
0.258676173250067
0.137178201221824
0.0770968370586304
0.332970201572703
0.103380172505904
0.213697272010500
0.274932617997667
0.277807257920117
0.153018634772699
0.243236224121056
0.231067127844633
0.104913593180926
0.0792797586474525
0.132339599446941
0.0350119435863365
0.130859820680360
0.0667741877198135
0.151337763165392
0.165201365043770
0.113709624287318
0.106310029246464
0.0780407202619403
0.105044113703235
0
0.00906678901143662
0.197453695589732
0.164268738430160
0.0411369362469697
1.16485338858527
0.221240540581151
0.186863772381026
0.217633908012542
0.466246394177380
0.0149869937392166
0.196931450341740
1.55044697215385
0.0844556998325603
0.205984958561049
0.414528325840244
0.0727709698130137
0.133829656110824
0.196135671685958
0.0155764582549285
0.0577594289416880
0.253580721582299
0.106036800749812
0.195170623446457
0.361431904784364
0.150483375350221
0.00751318787905813
0.234748532299226
0.0495391301167170
0.478271668988544
0.308964115648674
0.244445785316716
0.0518045466922207
1.58578848508195
0.247331420088638
0.113792676327154
0.0884623710499451
0.0891479066131569
0.366500295873377
0.202889962970055
0.418923030540352
0.143672740973664
0.410265296546563
0.159793630391793
1.03572661186431
0.101254377931145
0.404946865305872
0.434053686798841
0.0645408390360813
0.531153504565704
0.235580534800530
0.731062623775303
0.117531676462605
0.164289423533372
0.743836694767512
0.312769437649543
0.231039554225915
0.160427031552657
0.199711128436456
0.108503446889399
0.476001771504362
0.105103768226616
0.110780270314163
0.264412354420413
0.114611407038002
0.0156052573577278
0.111322004077440
0.0993898853614986
0.0855032027382290
0.244892327052326
0.168133977920436
0.491514158594420
0.480152073466992
0.0977709574509889
0.0663605125909248
0.162959483759640
0.0791914843721939
0.0972529428991862
0.293550382167879
0.0775115555644568
0.805605582328170
0.164412319736522
0.0247373103630543
0.101468140393678
0.759182198417266
0.617828823376986
0.277982488423659
0.454489203762834
0.352759394034511
0.367663941844360
0.114069363087783
0.567309371200916
0.878146884659939
0.379967022108238
0.541481977048433
0.0631575706951046
0.0559726178919889
0.0875097811610660
0.0576556286355542
0.0177012104462625
0.112647255937675
0.105819654841957
0.171996725067020
0.133025017537665
0.0910646958224170
0.100368549369242
0.121650093695597
0.166414924134695
0.392205577327268
0.309392769489604
0.607936422199720
0.184048339377412
0.515852287207331
0.375449660671608
0.624853448952777
0.534033447288878
0.0814282042815462
0.0339026210015764
0.0156644631529193
1.73289493502204
0.856301734585187
0.834997708771485
0.971032233434290
0.759688044561953
0.338383323506837
0.248198607206224
0.246730490624418
0.355103012299942
0.159471918702513
0.700231637850343
0.361317295473132
1.17778578537851
0.420171140559888
0.543997647012131
0.378052909459618
0.335518022541052
0.300559584370696
0.201238040200213
0.201688745795742
0.231331381468811
0.0137962157831101
0.0761791289372995
0.0325018248729741
0.0412729099312733
0.0263681816595678
0.121576648796807
0.486153510339082
0.396005697670067
0.0123236472711824
0.270585240529287
0.0644213657253285
0.102469091032801
0.159718692437053
0.279845324657913
0.107544285486174
0.0834620422106439
0.00538961681562698
0.284077416940373
0.494159324902914
1.05433625383809
0.294473725324719
0.894967862550467
0.220857370683047
0.0669589554575529
0.0352216170746054
0.166167870311222
0.282748478177582
0.565953983326971
0.191241070053885
0.0806636173009979
0.175794338003786
0.512807461330385
0.845086346626599
0.204941435582719
0.0199604255168128
0.329362982599259
0.406341588788012
0.474128777039631
0.295061816880311
0.139738765356426
0.150586272645914
0.488495612023426
0.115842014691334
0.129489657552973
0.238993317066183
0.366263301130078
0.118311383625500
0.274566149385772
0.267241120517688
0.398752211755722
0.299554416377797
0.147522545459172
0.198529246762187
0.220085339215620
0.0177012104462625
0.134908694554174
0
0.288279555947395
0.225096580492061
0.324799301417370
0.318272677397116
0.198461745386282
0.249060152527316
0.201486791872375
0.323397162065959
0.313136481628096
0.299758456406218
0.420658338519343
0.334564706720211
0.168798659762054
0.395891212825473
0.0725199836187833
0.139644656039838
0.476032446470196
0.177979852263826
0.198663244925370
0.667092644951785
0.230363641360850
0.251198832481940
0.264361815490401
0.180395519982760
0.293007451184529
0.293749942943300
0.297777839313707
0.300863880447310
0.295606461877681
0.300091756773750
0.321361025956735
0.306309158641917
0.299687576474802
0.188488809530552
0.307879212006036
0.312538303839801
0.372914730943411
0.300410807879805
0.237318269109053
0.303783138769542
0.355140997337646
0.191579606212103
0.310459896268631
0.288827108259212
0.267597002242927
0.0875368009230808
0.305773187359595
0.572639331897297
0.204564793107778
0.130921477870128
0.587460140129327
0.0970120002229533
0.0454961062658798
0.127718707850584
0.0520909604314858
0.0802499412475412
0.0680429141901272
0.114850285418765
0.0104582044772665
0.000903803641205260
0.0127730815966967
0.0312801396290294
0.767755415867237
0.694099164689922
0.368749637495138
0.376032435587151
0.230312445828177
0.832946007199617
0.240459590686385
0.635114670681370
0.317735467482851
0.298783737317941
0.502689969007966
0.146655644057809
0.267643098569905
0.280696357624910
0.293192229486045
0.181770493321535
0.202082008356438
0.344950433756622
0.245683381397053
1.09499065194860
0.224931269951883
0.568659050221027
0.647787257014282
0.262579299775496
0.422086230999628
0.302747357547040
0.901117369886254
0.214745232307922
0.172551227956485
0.550727085017416
0.132799090610222
0.292918000057261
0.189850368378268
0.221410265591545
0.125585382496773
0.151497353654884
0.169970128292658
0.298059125421025
0.281863981571968
0.368158504360889
0.462174257621064
0.296484495594388
0.217081802892321
0
0.721437552441482
0.383835110015483
0.601055339704413
0.591644991413434
0.148157421858750
0.435347909358585
0.261507714400573
0.601990732968899
0.579993218059921
0.0779022190449869
0.197482776746525
0.270303091380700
0.591928056573608
0.295216898161313
0.190552832544704
0.0568968885817895
0.171389673395705
0
0.0703514501831699
0.194123954997312
0.615358143290576
0.0560778450650346
0.368063142071496
0.680487814706834
0.374715422330430
0.0832572122962839
0.323101898137874
0.178356133430276
0.387469597208669
0.0839205295511858
0.200547976540849
0.171088339062212
0.415415661300031
0.454340301191287
0.256302956740932
0.238448832605751
0.0183123945766120
0.273555505797205
0.117945579824690
0.0137962157831101
0.245008285832691
0.111198620913281
0.125452771442905
1.01251743733056
0.0589394743846126
0.00595025160323520
0.0517890667616555
0.304310549201722
0.0480970326146399
0.223996015100657
0.124722266598088
0.400410469170938
0.372673478540568
0.00751318787905813
0.268597698848875
0.204701923280736
0.0698323962460111
0.470394328639725
0.294745094279306
0.112712494315966
0.751072929652977
0.811136060862190
0.0636365730812644
0
0.0742415631886666
0.157981509693935
0.00595025160323520
0.0662256088350155
0.648612431042802
0.669865008857565
0.0184191533619990
0.169768153639133
0.216597797214760
0.445772874382917
0.0703240718169036
0.261481970840918
0
0.116729022178697
0.0624432161006721
0.0710575260047130
0.835391649111723
0.0161291268190659
0.0685851359838626
0.0625678392745833
0.332491172353496