0.366285855893884
0.118236613948761
0.0833753439297094
1.27342808882837
0.461394005189000
0.382323867141500
0.293987075841651
0.101637772485454
0.563472608877428
0.0124167093416245
0.182002605365256
0.361236838429596
0.107488218514867
0.542354379450959
0.248457147328995
0.290727305673019
0.697679858063205
0.129613982649955
0.0782040370593009
0.129003927912845
0.140038290911670
0.215254340355718
0.191585509245724
0.0468266085990210
0.194938818437600
0.226360680683534
0.284968973130092
0.0932362650918586
0.172951746732938
0.354519870603098
0.140380115474949
0.227953146362987
0.275304158404933
0.210524052224025
0.172841842794640
0.102395905782402
0.279693281212446
0.230476045637571
0.106924363828111
0.291588215090970
0.191962021961717
0.215795735032464
0.206748261386743
0.00663096779443270
0.275641710900539
0.198605522473828
0.319638195404506
0.222547145641141
0.217310191500446
0.229102465400318
0.205031822220994
0.211993819036497
0.128083763707209
0.149110792588111
0.359830507261821
0.191807970750428
0.0160827715055952
0.205900421567109
0.101260278581795
0.247011361288280
0.288761436785968
0.156275891393561
0.301717369927802
0.224546949315001
0.135284214856043
0.907548696218953
0.426304063997646
0.0832457358282171
0.361348461448480
0.178836174763300
0.233175956256308
0.195001577324342
0.136209978955162
0.0653813285661494
0.236260424037646
0.184583344129010
0.924125635417878
0.174825361514212
0.474766195875852
0.960335858499797
0.198443011328162
0.250059416007625
0.437882137325990
0.275293638139639
0.280181795249483
0.256512036314409
0.140324696135473
0.0682508116676898
0.687769541734830
0.195360976890929
0.276463695944911
0.0958557800125056
0.261728843766317
0.0933558465971347
0.324112711959888
0.244666306995278
0.270712027824019
0.202297704238589
0.286677321035119
0.114675013075061
0.369965100109757
0.260978876763248
0.0183123945766120
0.167899010604577
0.260279924831801
0.133211072120649
0.171258675887430
0
0.143328466658611
0.237330394887900
0.374787811385927
0.336326693348871
0.514286343102846
0.422362596657635
0.247633997778840
1.19748526908792
0.289592668693886
0.519767601849257
0.122378490325383
0.626744175029639
0.111127715453582
0.415764742273286
0.745564607611673
0.218915598351264
0.229191311647194
0.343890144244888
0.284315661389699
0.137642576638759
0.299474248603119
0.300922544662186
0.235970414930746
0.199086528663973
0.258220809894411
0.257390968848635
0.222255887223019
0.370528644130660
0.463205140126818
0.246489704108139
0.232547061550965
0.594625078352442
0.449082154154077
0.360727729888788
0.352026487259924
0.176581533506003
0.186825869749224
0.174921142120322
0.337946915717214
0.208109543458890
0.208498484194156
0.232654635196175
0.249628721226251
0.216540235465206
0.731962695804624
0.145770323145920
0.378291323177160
0.0314199204024361
0.195117355772400
0.529175044949074
0.858648045253008
0.140146443606057
0.236259129757532
0.208486556276704
0.246686347097612
0.192107133228163
0.138746139193646
0.179926757944645
0.154860823179504
0.389097737664429
0.184072689217671
0.178011941468376
0.175313824106894
0.593570744282732
0.294311724516552
0.184119480806513
0.171104068956775
0.306340703847842
0.120234714093535
0.238899538764786
0.315499013076988
0.281593215800870
0.565438224335724
0.0481291372762970
1.48363993507058
0.203966074389394
0.197115420290602
0.167510976021614
0.539707916561050
0.934191945864483
0.196901168376580
0.198452349384260
0.172787652788535
0.365733775026485
0.161137136651993
0.491246560110990
0.332208694509225
0.105775634248406
0.0989220813430404
0.947101495156155
0.119239960664154
0.196034569719871
0.144549218047832
0.399669859338460
0.136094243248500
0.152869943152942
0.594660147109414
0.215865216681360
0.114983947378841
0.122275842463961
0.139996328235653
0.266268716679661
0.158752460975896
0.184109522202885
0.179208351457155
0.216325271939507
0.108812613574470
0.0973895846083554
0.281210931941641
0.261014300133095
0.162326409013191
0
0.102986815706463
0.122163052603698
0.175302043315930
0.103586568307261
0.677717251857443
0.116270653679773
0.0592335929963754
0.0243874603275213
0.0583662104128370
0.0276361811708622
0.102799555444842
0.0733617395427503
0.198208666410313
0.0769828462136155
0
0.0968153893554065
0.0803506208911614
0.0574921519923594
0.875070692490650
0.174182458251876
0
0.346677971364761
0.529751481238638
0.313931360868548
0.127112476648191
0.0908742002688700
0.0171023535330462
0
0.361576231450157
0.217201070001093
0.229422547738915
0.154704110595639
0.170877478936355
0.112165245096049
0.200562559533389
0.270996567657319
0.110970555567815
0.340464871214865
0.300944197744859
0.122774504528867
0.347868800686878
0.124762248959915
0.155803938646151
0.118125000000000
0.0198196580575139
0.293648578220480
0.124943881858602
0.0980568143389802
0.268377078234450
0.524938358702724
0.141162913116461
0.0797976742487919
0.0543042949965571
0.425389099421239
0.106318105933151
0.0832044850558565
0.409166602312281
0.892346589323828
1.63332589107972
0.703516909012638
0.204382087575060
0.683869719558502
0.160779625180027
0.302522657272114
1.17791525993282
0.162422516423940
0.176809341913870
0.146012138138756
0.301006972337163
0.752893882622866
0.507307841679815
0.114791783498085
0.0504987906253332
0.306846413832157
0.226337016656194
0.339183642710643
0.174262612990069
0.388305882368396
0.124746721631357
0.109222759888920
0.161312651968173
0.715255498711824
0.903322365660090
0.574471746592101
3.19184357937857
0.279355000825644
0.544554867996281
0.264800392448165
0.231183965776516
0.234432660954023
0.237457997263970
0.342567673442057
0.246385763358476
0.173915295432275
0.00783430352175308
0.125077900924960
0.0599477026881199
0.285308232239214
0.206767226238442
0.186512889407769
0.273967738102613
0.102647182129466
0.292033073280391
0.272047898467837
0.259416327747993
0.208618504248997
0.266041665689199
0.744445827493937
0.143006640672955
0.169796646457643
0.204642418686880
0.150366434982509
0.182855827193552
0.192619166403969
0.147073259705140
0.144316489141829
0.142754534781547
0.179407229123096
0.127266866789706
0.185792277799666
0.183057379854832
0.136951023252277
0.136630256190789
0.143825096086120
0.117212951425148
0.140612517164879
0.155044242005134
0.130231384739797
0.129221777509883
0.586602549225261
0.199285112668466
0.116180481783182
0.140353810047123
0.103833693445956
0.131520382203717
0.168191994271614
0.0924723703354039
4.28688486840634
0.775358388195490
0.332555963570820
0.883711222606405
0.969897873058177
0.166787745188820
1.25676154433422
0.649049564786254
0.276282367252586
0.122222954010552
0.408840758304013
0.257419848428771
0.0661709982850463
0.112676193905386
0.0698352611416632
0.633249859489931
0.230165137397710
0.616799599251990
0.0887342992387748
0.144056849140491
0.0604546473263873
0.0798450195780784
0.349121931673783
0.0310567250835424
0.137301798282790
0.165230559781900
0.111735509893459
0.240503110098875
0.183636478105006
0.0868338454548397
0.960337779041467
0.0638837965770870
0.261396831042678
0.150375953842191
0.0548066717916931
0.300414912624627
0.0291197613593152
0.0286795189968716
0.323402631324751
0.473373495744401
0.307079569740587
0.278771733381239
0.0589158429025283
0.494250856562624
0.713403588174678
0.399715259543430
3.83342084249854
1.27291738012086
0.198077001337314
0.164237839961115
0.916066787456061
1.46619952387109
0.137957493542660
0.191563971796987
0.227585960851401
0.403291213641532
0.539889866989239
0.449570047751544
0.0254171405050301
0.0390491367670482
0.0409831352902395
0.0601243526269887
0.121421952295290
1.73054806254790
0.274951912651305
0.584217014647136
0.0583013292706292
0.313964583581741
0.102166572913128
0.304831983402795
0.0681323303493497
0.243435628905004
0.556829599950393
0.337832878410828
0.197570220049522
0.473055261685031
0.170523649777907
0.945536106166592
0.204278776259818
0.0114731122280999
0.0155790250797154
0.498512800179582
0.171100423582862
0.0730680846726216
0.152241292638446
0.0845669878289400
0.428990541707235
0.260070818621149
0.126002862042733
0.221282912586645
0.201735585658000
1.21333931515602
0.696706235049489
0.0992722955985138
0.115294801262882
0.714846968374095
0.107761617892098
0.148950318020245
0.240096801125322
0.0729785671277699
0.0899395316189151
0.171148505909552
0.132979018320017
0.297280324656948
0.111617203969068
0.471055422138724
0.281766828481030
0.996861112086598
0.214750917846424
0.397580511521907
0.470256253332448
0.177026382339238
0.177691973913053
0.160881632553544
0.155222943721336
0.134688316740786
0.143989661937018
0.151844594984330
0.188572007088859
0.0467170528980036
0.115368440833201
0
0.0165894736199988
0.0483519916141743
0.117878460165878
0.0189651327170409
0.0132682080709604
0.107624085087213
0.100339175142229
0.106543652788500
0.0483519916141743
0.00802291622305353
0.0848644397723114
0
0.0821466261768295
1.54803808171929
0.109278635874541
0.0532806586632126
0.0300059659295582
0.244787689162970
0.128883890415263
0.0598077032264187
0.0801915142289007
0.189138056803610
0.0616550879326116
0.215852660704908
0.269439405338304
0.123634649312846
0.160176823350520
0.131797598052149
0.132106374452426
0.00891519232666626
0.0798930766800348
0.0669336122190262
0.297100224153965
0.186003619479959
0.561491306797963
1.13999926833945
0.993270776944188
1.27232371092559
0.851012881548070
1.90813204634856
0.698166281682655
0.605586199021699
0.353815903080682
0.102266512230580
1.29868370444347
0.774879432084434
0.209997561300326
0.653590790274536
0.238025976730015
0.902050514215170
0.806338847331122
0.785611105506697
0.566522579318823
0.223568095247370
0.301265703711868
0.153467077732613
1.04843049279601
0.208600295150626
0.310713714202544
0.362099877748742
0.198730297682606
0.301970771904969
0.117065923344942
0.0639648326054457
0.570836259158135
0.113638177814404
0.0484837331946048
0.772468557082689
0.127546549494875
1.74375502699132
0.853729487547994
0.992357051276271
0.480336880331780
0.350784709133971
0.314633662760457
0.201672401716090
0.194448478997977
0.212424183717930
0.286800852013187
0.233240431543888
0.238675154904462
0.236025892314945
0.317955640426353
0.380674891899585
0.155119983669151
0.405540959420695
0.601527914509913
0.593615837405436
0.174678314664201
0.125734726455572
0.145224686188012
1.36732048487706
0.206523468338203
0.0966061729428155
0.102022645887979
0.0622593577056763
0.276575309498092
0.141176370957162
0.241268088715737
0.0778780892752160
0.210582037324254
0.235152731646051
0.0675679212956837
0.0568250288763815
0.100354704695908
0.250246350569130
0.0752185161473948
0.267987017684472
0.137498881118730
0.243477734660831
0.113418144705117
0.103253041919185
0.0618839954601161
0.277136104947149
0.240263522888118
0.239378951666601
0.247056467447827
0.0609152480047804
0.0555099071305414
0.268500826988967
0.241306423720192
0.219840047112194
0.204887496721779
0.307304508241580
0.122001203042186
0.305370299522563
0.119802985555228
0.170535706642032
0.180391287913900
0.181892042514346
0.100713235428233
0.0101504818176551
0.299749596946848
0.169282795980923
0.316751419064747
0.564194291792882
0.0621579830525990
0.160581276236008
0.0293960418430726
0
0.0207137855117589
0.113000170215910
0.197940181213793
0.0848600691143624
0.0521735179229256
0.0173986256523093
0.0196634151224364
0.0818450901128839
0.0164295493893012
0.0258225419158217
0.106464558150100
0.174396341437038
0.0432447370939285
0.0784982155087329
0.0323911726257973
0.0104582044772665
0.0765209787210305
0.0667539769073797
0.0679931358685654
0.0179541181933276
0.0667296757972257
0.0327547309428233
0.0718405718830212
0.0320005038752455
0.0500944203069249
0.00785712414508146
0.336485229514606
0.00664102687703396
0.559624201616781
0.134164534144030
0.850553876763173
1.41834253790977
0.142783862971833
0.544486916926688
0.261578866401470
0.0952151266414133
0.123172808978597
0.0680328431708223
0.0888871594992233
0.301878047247389
0.159981316262768
0.144906685556127
0.388233987408500
0.377997100271464
0.380488028850740
0.707160380598574
0.204744706260346
0.134753480139740
0.203508039707585
0.100074185241873
0.321131662550944
1.04622974146677
0.521634536133565
0.169296322240009
0.146649037036541
0.203141301942403
0.446122456410657
0.146592370812993
0.729194632947282
0.116669284076951
0.199125745489367
0.416658890184698
0.0919654447999927
0.106658434529577
0.413666909160044
0.535950663002622
0.533893062306255
0.222063484239014
0.239757494845565
0.210402571476124
0.224137850184740
0.226231648490274
0.0925408393451289
0.250189751424053
0.398258705552178
0.378089176757527
0.606392251911697
0.190373627201900
0.436686278535076
0.197195592010347
0.199161661329369
0.213492930522644
0.641376277906650
0.143827625811822
0.0926251688531762
0.0838813428746419
0.156799719963271
0.0628743367748825
0.198397026145056
0.100577749860395
0.0491953253725393
0.0447909750291739
0.0149869937392166
0.243350632268306
0.0798941589398714
0.365937905558998
0.256660593071425
0.199527037789936
0.229603606060090
1.09646054705100
0.231101555138157
0.763878667505118
0.229782149414021
0.198242032607754
0.298786633436680
0.119356709150897
0.298253848342048
0.359356436720492
0.142179291143213
0.250801325316111
0.289230060560992
0.105730713808455
0.102101195771283
0.0151545739270415
0.0101504818176551
0.107799909214270
0.116552652688867
0.153288399791194
0.214601538880431
0.734232848648303
0.165649478730310
0.514713239760139
0.212743368520593
0.383937294581396
0.760892368357694
0.0293960418430726
0.167176682290394
0.113449440102971
0.121807949863962
0.100266219456701
0.153356714226602
0.138105585329329
0.132036185640672
0.112809377539721
0.148456435379985
0
0.192793594704159
0.248533511383209
0.165712110717513
0.147411633764681
0.137145918611808
0.218884197587060
0.362824198825974
0.559990167194867
0.200975851262233
0.354429785821691
0.732723468494705
0.263320930119712
0.285077082662410
0.604213311639749
0.367203956147355
0.346234663367910
0.527459541494831
0.467445017504753
0.375043199110443
0.312577426806596
0.105539838504037
0.0403093272448064
0.0944719451684365
0.0899006813553321
0.110951044825216
0.362438994139577
0.450421972152828
0.438794584353267
0.0943522849411501
0.291496110035756
0.796239417968132
0.0710067294648050
0.239001358791799
0.329291092571191
0.106634564740731
0.334125997832818
0.753511795326778
0.247687220245636
0.283974735599717
0.432428662653124
0.196364730000077
0.383056831232467
0.336534980922064
0.400339030742273
0.389801759405589
0.563022933369358
0.169464025856065
0.396411068710504
0.387684399148205
0.532283565777250
0.561661401064867
0.436817923603156
0.509907102565185
0.378719969036985
0.0576307385220515
0.726943092330146
0.376514126840702
0.374015559361692
0.291276731927810
0.240744896503198
0.192302582966145
0.769293094507540
0.275077319610062
1.04274672369276
0.579786282075614
0.479954793118957
0.142787990215096
0.207756853959463
0.149742144337304
0.465298631294172
0.281625542496194
0.0987214098644985
0.186117764561807
0.352190666276952
0.351952618472499
0.183829555783160
0.267976806568023
0.623688364780283
0.0166843292823687
0.288302533203151
0.300624366391630
0.174895195172969
0.0876027869144482
0.100962871340276
0.0587394018268238
0.0649453054580306
1.08218749193978
0.362113348591237
0.0507491545465877
1.25547463858775
1.33140827957319
0.274846949974776
0.313865745356343
0.148990560686071
0.304118165982224
0.114037324168322
0.585318389845318
0.765471620057243
0.502521253535023
0.120083307154794
0.0740249051155694
0.802122079438428
0.240048055621218
0.226950857831287
0.921917051903863
0.269736196072018
0.584937008088554
0.0143039673868061
0.231824386601930
0.286899091306247
0.123869072003774
0.296565982377510
0.295793829146824
0.156588514668280
0.0830473554262524
0.364694139750158
0.471869887036479
0.446215063065753
0.370556313944608
0.239481673920015
0.181968580255038
0.192593190164921
0.100836163960410
0.0137962157831101
0.0115035445728201
0
0.260316276784800
0.0217578090194840
0.0844695631295458
0.0143254112586481
0.0902632176702773
0.0784982155087329
0.0183123945766120
1.25937946216178
0.304766240353285
0.142495241709995
0.0863790969739441
0.290603072965384
0.106698165292200
0.139915403760541
0.0955936827053875
0.0725686475338639
0.0645071513866966
0.456830316402672
0.285151784858298
0.323856347905786
0.400241420938169
0.146713836659559
0.557437360062625
0.111041220288081
0.546673543222547
0.451769333893075
0.359896405153932
0.673023760587547
0.807250540402231
0.731228552439709
0.590067351556540
0.242664658582760
0.803597359506759
0.445824426809359
2.28881568276728
0.144445213304205
0.143058053391016
0.218617052461186
0.0361615705627917
0.633830829495515
0.277788043115599
0.311467091884453
0.207099939722167
0.358579045858949
0.497670374261091
0.910717585263287
0.406331507025359
0.460276134291256
0.0302296364520933
0.219498643343082
0.603267446651839
0.277339142803272
0.621244951513816
0.233422331972802
0.0309304059211502
0.329110528339227
0.293896028581191
0.0995597243331803
0.333666715256492
0.0843500377795672
0.279642383908086
0.196717710232038
0.282808157585020
0.198494001269804
0.403526854755552
0.676716753707373
0.634183268804047
0.110201475019589
0.171054787864908
0.358707062566301
0.0294902629435670
0.0699344552380564
0.935777888276879
0.658691400496980
0.166190101669503
0.315358739365661
0.140627550218704
0.253458595894848
0.117911132206234
0.678800345105699
0.466284183848507
0.572076176061713
0.517689014487123
0.246276137706062
0.0834620422106439
0.191540655402874
0.235058349200139
0.107702407572690
0.102355695746742
0.144739137133259
0.0170637183361687
0.0761219080386507
0.719588988984893
0.0883626054641652
0.0811633521074909
0.0483519916141743
0.0123236472711824
0.678395274020316
0.677267361551433
0.129019882163476
0.252805162057769
0.0289439801098219
0.193782496968886
0.240166065358838
0.219624821021729
0.734880479507346
0.372547979074526
0.266199688420066
0.0605577479492933
0.464917337526562
0.384748761112810
0.396061322209731
0.450149941026144
0.603015440136873
0.713637319058023
0.00785712414508146
0.608067762339346
0.282441231490101
0.469747494948473
0.276906378800880
0.120218426353775
0.923786815993799
0.342635010802289
0.226009305723562
0.244877186776339
0.750824935729328
1.09840009451811
0.273338656438811
0.695097398872875
0.00556437834369827
0.646243385231200
0.224470494212473
0.313291709851480
0.249233548041785
0.204087751258776
0.112695104051303
0.0786986253782409
0.103771131826525
0.0263681816595678
0.0926207972110274
0.262723961442424
0.0332936979785969
0.258676173250067
0.137178201221824
0.0770968370586304
0.332970201572703
0.103380172505904
0.213697272010500
0.274932617997667
0.277807257920117
0.153018634772699
0.243236224121056
0.231067127844633
0.104913593180926
0.0792797586474525
0.132339599446941
0.0350119435863365
0.130859820680360
0.0667741877198135
0.151337763165392
0.165201365043770
0.113709624287318
0.106310029246464
0.0780407202619403
0.105044113703235
0
0.00906678901143662
0.197453695589732
0.164268738430160
0.0411369362469697
1.16485338858527
0.221240540581151
0.186863772381026
0.217633908012542
0.466246394177380
0.0149869937392166
0.196931450341740
1.55044697215385
0.0844556998325603
0.205984958561049
0.414528325840244
0.0727709698130137
0.133829656110824
0.196135671685958
0.0155764582549285
0.0577594289416880
0.253580721582299
0.106036800749812
0.195170623446457
0.361431904784364
0.150483375350221
0.00751318787905813
0.234748532299226
0.0495391301167170
0.478271668988544
0.308964115648674
0.244445785316716
0.0518045466922207
1.58578848508195
0.247331420088638
0.113792676327154
0.0884623710499451
0.0891479066131569
0.366500295873377
0.202889962970055
0.418923030540352
0.143672740973664
0.410265296546563
0.159793630391793
1.03572661186431
0.101254377931145
0.404946865305872
0.434053686798841
0.0645408390360813
0.531153504565704
0.235580534800530
0.731062623775303
0.117531676462605
0.164289423533372
0.743836694767512
0.312769437649543
0.231039554225915
0.160427031552657
0.199711128436456
0.108503446889399
0.476001771504362
0.105103768226616
0.110780270314163
0.264412354420413
0.114611407038002
0.0156052573577278
0.111322004077440
0.0993898853614986
0.0855032027382290
0.244892327052326
0.168133977920436
0.491514158594420
0.480152073466992
0.0977709574509889
0.0663605125909248
0.162959483759640
0.0791914843721939
0.0972529428991862
0.293550382167879
0.0775115555644568
0.805605582328170
0.164412319736522
0.0247373103630543
0.101468140393678
0.759182198417266
0.617828823376986
0.277982488423659
0.454489203762834
0.352759394034511
0.367663941844360
0.114069363087783
0.567309371200916
0.878146884659939
0.379967022108238
0.541481977048433
0.0631575706951046
0.0559726178919889
0.0875097811610660
0.0576556286355542
0.0177012104462625
0.112647255937675
0.105819654841957
0.171996725067020
0.133025017537665
0.0910646958224170
0.100368549369242
0.121650093695597
0.166414924134695
0.392205577327268
0.309392769489604
0.607936422199720
0.184048339377412
0.515852287207331
0.375449660671608
0.624853448952777
0.534033447288878
0.0814282042815462
0.0339026210015764
0.0156644631529193
1.73289493502204
0.856301734585187
0.834997708771485
0.971032233434290
0.759688044561953
0.338383323506837
0.248198607206224
0.246730490624418
0.355103012299942
0.159471918702513
0.700231637850343
0.361317295473132
1.17778578537851
0.420171140559888
0.543997647012131
0.378052909459618
0.335518022541052
0.300559584370696
0.201238040200213
0.201688745795742
0.231331381468811
0.0137962157831101
0.0761791289372995
0.0325018248729741
0.0412729099312733
0.0263681816595678
0.121576648796807
0.486153510339082
0.396005697670067
0.0123236472711824
0.270585240529287
0.0644213657253285
0.102469091032801
0.159718692437053
0.279845324657913
0.107544285486174
0.0834620422106439
0.00538961681562698
0.284077416940373
0.494159324902914
1.05433625383809
0.294473725324719
0.894967862550467
0.220857370683047
0.0669589554575529
0.0352216170746054
0.166167870311222
0.282748478177582
0.565953983326971
0.191241070053885
0.0806636173009979
0.175794338003786
0.512807461330385
0.845086346626599
0.204941435582719
0.0199604255168128
0.329362982599259
0.406341588788012
0.474128777039631
0.295061816880311
0.139738765356426
0.150586272645914
0.488495612023426
0.115842014691334
0.129489657552973
0.238993317066183
0.366263301130078
0.118311383625500
0.274566149385772
0.267241120517688
0.398752211755722
0.299554416377797
0.147522545459172
0.198529246762187
0.220085339215620
0.0177012104462625
0.134908694554174
0
0.288279555947395
0.225096580492061
0.324799301417370
0.318272677397116
0.198461745386282
0.249060152527316
0.201486791872375
0.323397162065959
0.313136481628096
0.299758456406218
0.420658338519343
0.334564706720211
0.168798659762054
0.395891212825473
0.0725199836187833
0.139644656039838
0.476032446470196
0.177979852263826
0.198663244925370
0.667092644951785
0.230363641360850
0.251198832481940
0.264361815490401
0.180395519982760
0.293007451184529
0.293749942943300
0.297777839313707
0.300863880447310
0.295606461877681
0.300091756773750
0.321361025956735
0.306309158641917
0.299687576474802
0.188488809530552
0.307879212006036
0.312538303839801
0.372914730943411
0.300410807879805
0.237318269109053
0.303783138769542
0.355140997337646
0.191579606212103
0.310459896268631
0.288827108259212
0.267597002242927
0.0875368009230808
0.305773187359595
0.572639331897297
0.204564793107778
0.130921477870128
0.587460140129327
0.0970120002229533
0.0454961062658798
0.127718707850584
0.0520909604314858
0.0802499412475412
0.0680429141901272
0.114850285418765
0.0104582044772665
0.000903803641205260
0.0127730815966967
0.0312801396290294
0.767755415867237
0.694099164689922
0.368749637495138
0.376032435587151
0.230312445828177
0.832946007199617
0.240459590686385
0.635114670681370
0.317735467482851
0.298783737317941
0.502689969007966
0.146655644057809
0.267643098569905
0.280696357624910
0.293192229486045
0.181770493321535
0.202082008356438
0.344950433756622
0.245683381397053
1.09499065194860
0.224931269951883
0.568659050221027
0.647787257014282
0.262579299775496
0.422086230999628
0.302747357547040
0.901117369886254
0.214745232307922
0.172551227956485
0.550727085017416
0.132799090610222
0.292918000057261
0.189850368378268
0.221410265591545
0.125585382496773
0.151497353654884
0.169970128292658
0.298059125421025
0.281863981571968
0.368158504360889
0.462174257621064
0.296484495594388
0.217081802892321
0
0.721437552441482
0.383835110015483
0.601055339704413
0.591644991413434
0.148157421858750
0.435347909358585
0.261507714400573
0.601990732968899
0.579993218059921
0.0779022190449869
0.197482776746525
0.270303091380700
0.591928056573608
0.295216898161313
0.190552832544704
0.0568968885817895
0.171389673395705
0
0.0703514501831699
0.194123954997312
0.615358143290576
0.0560778450650346
0.368063142071496
0.680487814706834
0.374715422330430
0.0832572122962839
0.323101898137874
0.178356133430276
0.387469597208669
0.0839205295511858
0.200547976540849
0.171088339062212
0.415415661300031
0.454340301191287
0.256302956740932
0.238448832605751
0.0183123945766120
0.273555505797205
0.117945579824690
0.0137962157831101
0.245008285832691
0.111198620913281
0.125452771442905
1.01251743733056
0.0589394743846126
0.00595025160323520
0.0517890667616555
0.304310549201722
0.0480970326146399
0.223996015100657
0.124722266598088
0.400410469170938
0.372673478540568
0.00751318787905813
0.268597698848875
0.204701923280736
0.0698323962460111
0.470394328639725
0.294745094279306
0.112712494315966
0.751072929652977
0.811136060862190
0.0636365730812644
0
0.0742415631886666
0.157981509693935
0.00595025160323520
0.0662256088350155
0.648612431042802
0.669865008857565
0.0184191533619990
0.169768153639133
0.216597797214760
0.445772874382917
0.0703240718169036
0.261481970840918
0
0.116729022178697
0.0624432161006721
0.0710575260047130
0.835391649111723
0.0161291268190659
0.0685851359838626
0.0625678392745833
0.332491172353496
0.105095491295392
0.106611097740689
0.0688803590089983
0.00556437834369827
0
0.0181072528724466
0.112872369804144
0.304301454921757
0.442447396585684
0.0104582044772665
0.185099288776196
0.360343313976109
0.0903377540015348
0.574191478977540
0
0.0139432844321864
0.108553781884974
0.180177777783721
0.151915742526136
0.313670632325697
0.387343848498992
0
0
0.0209854130128655
0.0542797998979859
0.0688845579963221
0.120165811066163
0.242507496247512
0.00664102687703396
0
0.243298117823640
0
0.367460685375380
0.0836050040652663
0.0707910430956049
0.205250955601041
0.187993839775155
0.115054060734613
0.0719199786392643
0.0917140785342143
0.314519342820206
0.0250229181353382
0.278716891680156
0.00690835016594890
0.175827638475547
0.0143673472923161
0.0879531804399751
0.150139412607865
0.125221789162098
0.0310643607153972
0.350730345351682
0.120801286719864
0.0486217331478832
0.220975023749621
0.943577039729963
0.0858696830186591
0.425229981825300
0.00823404559734441
0.470455699018854
0.00876413462303294
0.138961451443788
0.292139121243493
0.211702794702975
0.0132682080709604
0.375400900941167
0.0177012104462625
0.323658159242202
0.275829212881101
0.239420566141340
0.0412585146909907
0.120984036726025
0.336825314501913
0.0548309214610461
0.514792973114233
0.0363279450124873
0.112054426782728
0.112271541826346
1.55838066960340
0.491362058189588
0.553997364835366
0
0.586082166692337
0.0483568530395646
0.300166554282754
0.224847002983223
0.132976553751827
0.144602947025586
0.0251452977440025
0.259598993676922
0.356829321514808
0.0701265194970014
0.196376673926790
0.00197595325503254
0.176602266297400
0.214378777997757
0.0196634151224364
0.0183123945766120
0.131485278236572
0
0.0143673472923161
0.0432447370939285
0
0.238045420828355
0.0149869937392166
0.0719199786392642
0.0374430700848970
0.833548999913720
0.116154993953493
0.540775197105699
0
0.0184191533619990
0.112102073646256
0.0497263827677282
0.115231822932875
0.255825411872222
0.0897090099712330
0.611052193742378
0.0175108748500661
0.0793719966574181
0.0687018482144112
0.0264009317390048
0.278270392011401
0.0185240831189702
0.00639361612679723
0.0189651327170409
0.454682962348493
0.213185415450769
0.134599154365229
0.0726816838281937
0.360810164824475
0.0448388237533301
0.0903331595071014
0.260897273295360
0.127789783753329
0.0616326960303399
0.241657586359466
0.252504952901381
0.0452269964610590
0.224083031453771
0.382323526172716
0.302867867266544
0.888064987900385
0.351925869667595
0.365485888921237
0.269046120271764
0.363594880154030
0.178406306500589
1.24345666303922
0.167522836411369
0.0829137487133158
0.145372954079879
0.217847135012770
0.904388446083667
0.167683937349473
0.0908300689382644
0.0211270490167478
0.113037658981499
0.180716732898282
0.00823404559734441
0.160777823911099
0.163334446515906
0.0534850158728088
0.186593050926713
0.301630909840321
0.671930831230931
0.294098473743986
1.09649894774022
0.188892071207702
0.311230906661008
0.272162781059184
0.0771704502490420
0.283104292713044
0.190963590036410
0.126712700235805
0.254749674963982
0.104492668075344
0.0703240718169036
0.0905877163211061
0.00374349706511680
0.117728696182336
0.215922177847158
1.36542436674172
0.438608915147592
0.184013051437983
0.177793733634066
0.226460074239744
0.108525877162515
0.226319251965755
0.312332614816504
0.220022543077967
0.176992820187034
0.125506755093157
0.578011503438624
0.590322296320582
0.761458179239164
0.485056856975061
0.144114700562128
0.375356787203101
0.317131805193831
0.295438958076255
0.973179439898629
1.28095748535306
0.186417129745022
0.0289908727122348
0.523714665848973
0.232121997813518
0.277840910028587
0.243431791775159
0.244672043050204
0.265223057918639
0.106356661178841
0.154144758192993
0.351856932964361
0.600370551386800
0.222078257985858
0.491844475364306
0.321437684021816
0.344510909770552
0.222964858023401
1.35610533493177
0.496920255958614
0.493041241442223
0.923884994583818
0.441234060281983
0.371928586722467
0.195792055290767
0.183624982827266
0.0669038945020364
0.164269780634583
0.0827163936362209
0.624933655267814
0.0903881545840869
0.0803509664834221
0.0967240452833065
0.0923171971324146
0.0896136029682615
0.0910270430390496
0.0889351216709070
0.0944854832347576
0.0926398541170468
0.0951046801332884
0.0879339992201859
0.0849299374350282
0.0895058588274413
0.0673477619815175
0.141117914447596
0.238942510940507
0.326956456501922
0.257043757130543
0.0115035445728201
0.244404157298392
0.193798482440676
0.256197365553615
0.149260494191027
0.114835248284918
0.182471161841566
0.346009267222104
0.217416445854474
0.457469523672743
0.163559749045367
0.0719745403891846
0.327367403008651
0.561647572696539
0.175868646030472
0.151434327737247
0.109126883849245
0.167374985184363
0.160037974803773
0.207244822031839
0.218884967116024
0.152111483367864
0.235644592611280
0.119387885960051
0.0533757545634348
0.150438827621214
0.204237220029225
0.159338354018915
0.299452969792888
0.174960221821846
0.127065141600224
0.489319438027241
0.188157776960624
0.202398366200970
0.166983680218320
0.228687122024584
0.211815750164684
0.189593195903984
0.155835406540208
0.0567066564717204
0.152939948096026
0.155831055151133
0.208594916594319
0.182943599898120
0.234928044911765
0.0779426529663250
0.157031044138817
0.200757256007716
0.176554760101583
0.177519484701941
0.141993064890970
0.130899276114808
0.438501970733985
0.0557754262946428
0.452003821738037
0.178267879474421
0.447280937628078
0.439730782383362
0.330483955311357
0.189536276528231
0.0543993307821621
0.263147882429120
0.234381253670596
0.152107285369120
0.274576630549016
0.218230911785734
0.239148250932156
0.311666080439368
0.0781917764942165
0.107081654479013
0.259059254238836
0.288827722043340
0.178897368041549
0.0852144875221065
0.451247731730258
0.310716271930765
0.272543256192367
0.234200664816037
0.726864584431135
0.166710027584634
0.177903571187891
0.0619270848134728
0.847368950948284
0.266308799619856
0.299284169641455
0.464505897347181
0.308190447210215
0.00163667585120095
0.121215353725264
0.115463463126410
0.310676202057446
0.208483549223145
0.216238868987469
0.625222186202136
0.965160871317573
0.898341962358115
0.681552029371349
0.0583161473388795
0.328776061501738
0.742716173078682
0.0165041727476533
0.314975119904912
0.411306496563600
0.614588745885363
0.176662547355778
0.626760056843119
0.698936262269208
0.0567127651820889
0.110317920723859
0.111979732046295
0.380280184104101
0.425428001152604
0.207698710209124
0.293073644243014
0.0112688971258673
0.255642250178436
0.756574771487677
0.0659705876334968
0.271612616084096
1.19240517410261
0.249729822341170
0.279736177289133
0.169394193693417
0.391261783798799
0.487663826880214
0.0578155139729211
0.00690835016594890
2.39094453303689
1.72758554744516
0.0648823357713383
0.621660449761530
0.180579475530135
0.412667095921717
0.473574535420290
0.169018266277761
0.230459246889995
0.141945510369341
0.110621489099291
0.143088771926074
0.133507281347482
0.105754150628591
0.869333425464581
0.506266412856024
0.627045557518098
0.120765027440892
0.0940672778707055
0.0713255608549792
0.632138429991271
0.421543536022734
0.224807647726524
0.165425904913784
0.257398197034226
0.718207978977425
0
0.479605852627734
0.273911784886642
0.930188594826887
0.0513597753841359
0.108395121429469
0
0.352712098138383
0.300151897341031
0.0792022917964669
0.174364573839044
0.186472340351257
0.239602351278386
0.365636970647473
0.0403462935746065
0.141047842968416
0.173054504404170
0.143247336868675
0.218976560410930
0.254705562743004
0.0797686614131187
0
0
1.59461940515834
0.149808594176314
0.126949036826607
0.288072035785110
0.368130436404167
0.119341010628042
0.300626499404776
0.130654297450760
0.217669090347568
0.222494491284682
0.196838808378949
0.164849050793180
0.219916806938893
0.127891769836725
0.147062663337926
0.154045651417847
0.107367236197885
0.615859914406541
0.480008638923300
0.827819004528694
0.170814560501663
0.272068727746104
0.0913447801146155
0.248417913019303
0.225334984579263
0.192653633283699
0.162621626695394
0.0715831489861588
0.541396789939014
0.193411928826040
0.521841011028664
0.412208179933203
0.307086332959455
1.18886604942049
0.847801185254332
0.380016880466765
0.00553560869992690
0.264224457673971
0.0679652022498454
0.323062226341655
0.184554934351335
0.0897347073792701
0.248738208269231
0.199625198642866
0.394959006658013
0.634736535436596
0.513080316175103
0
0
0.0976406125235368
0.0933558465971347
0.0718405718830212
0.267167593279293
0.558921544565411
0.151070386364260
0.0166843292823687
0.116122980821947
0.0204116515550901
0.143596723533314
0.0993214321707930
0.186259943017742
0.178583381991626
0.100768765790288
0.143873500224716
0.105156587813493
0.143922194394292
0.0632389313195228
0.114678890800650
0.0694134027214242
0.0250229181353382
0.00522549671693970
0.0843374591618301
0.231131879809653
0.260533318138264
0.304571130971624
0.0685851359838626
0.308901840971977
0.0965106108621779
0.484357533991226
0.282832815655754
0.163851850068050
0.244983779041719
0.131866594518710
0.103514353397657
0
0.415262201707322
0.202688091503145
0.388850985187100
0.0871356494868402
0.174808108560211
0.147753877681372
0.0841888800688447
0.0461221579206258
0.311727940566107
0.490406155199997
0.279786894117144
0.263326034978150
0.146988053255551
0.506260590614125
0.551048985203341
0.434525144196661
0.149794583416838
0.220197361553326
0.589634205982667
0.359289593812313
0.149644661776806
1.14627246715256
0.0231244001700548
0.0447560494585848
0.212598938865301
0.125012862978740
0.102681204554462
0.0537553730154695
0.108679222419709
0.0937763177363673
0.134625693850045
0.0849067512027901
0.193350913284296
0.242832615095260
0.340933439680596
0.138007422016922
0.100419395737166
0.188535869951916
0.170606448134203
0.139932332494021
0.207912459378432
0.205164416597101
0.425336006743173
0.328154000302944
0.120961717700283
0.495523186166859
0.0765700126547529
0.0977709574509889
0.171245588765038
0.322830051648876
0.0775115555644568
0.111735604807568
0.102535793992841
0.313830429814088
0.347240454282604
0.0788868201818546
0.403736205503211
0.0299494721200343
0.632016552215538
0.288031373725271
0.894711559958735
0.308692254172513
0.101925663864775
0.322986382206020
0.182331038345769
0.137968340241040
0.287549858574428
0.202952870371221
0.158588084217019
0.172920435930730
0.133310724541570
0.226589660469600
0.208906949338680
0.198219532175087
0.308916145126264
0.303008062082050
0.0186574870955078
0.0156652056264861
0.836797406154217
0.906551899338233
0.215504217735244
0.0688803590089983
0.278307202631356
0.189404848792760
0.0954017969174660
0.157101840944451
0.312816434245777
0.104440947607009
0.320311833200446
0.185574053582175
0.760616609226759
0.992281074572197
0.0231244001700548
0.0949904385494370
0.289876111986631
0.0205285857494072
0.717617664778062
0.768366281320161
0.711055482009293
0.118213125945442
0.0971875586098537
0.819401342507244
0.238200482692832
0.378583179288177
0.378685608583223
0.387010732697621
0.985901976600964
1.79829179548495
0.880876824509633
0.209513236998819
0.608538038454625
0.634806354217094
0.296992450549852
0.145201714228249
0.117528010521769
0.387768124598386
0.212418784978416
0.219010979778285
0.356498762386311
0.117546630459557
0.466831690483902
0.272667540351951
0.732389091869932
0.191997586915345
0.191042043929999
0.138877434840489
0.513260565350583
0.458650332283438
0.441252202750044
0.666798835085587
0.0539782204509307
0.195924925013525
0.245373017815307
0.0306477119780371
0.0928262065877769
0.498449467627691
1.56489004648127
0.135681736474404
0.730817909177413
0.266537229843220
0.448540783468689
0.0323298771613984
0.0624435558702198
0.285025881436992
0.525711563192589
0.701470293285932
0.308650658066626
0.251669699115049
0.542868747347169
0.0438866107929734
0.189331768758480
0.339687236832689
0.0213149806341306
0.247119511304165
0.453903524702340
0.207534706604297
0.838775477556101
0.154383681877671
0.264161739255877
0.142133298565175
0.177008594633006
0.156294326342651
0.338466447399428
0.159131329257190
0.390641484324609
0.178735663255831
1.30925879276957
0.233401645974101
0.112835724730217
0.150231238612630
0.310081417742245
0.273255249979847
0.460992491308557
0.477225235499510
0.191610165254036
0.400152093945857
0.686177392464896
0.341205621854651
0.321335492605973
0.386016479020705
0.0978681130101984
0.181874796494693
0.330288278895298
0.536190608796322
0.0697715437075270
0
0.0838956076198143
0.0994275046837209
0.137465497033897
0.107935070369464
0.218030746572971
0.0654862178005802
0.185569148692694
0.988834829649038
0.164282627790667
0.366954141742509
0.112174466206789
0.669527788713705
0.279229281321664
0.656551314358503
0.167395662702467
0.342904020580330
0.262481546463703
0.310997413009635
0.312027818289810
0.544655488500727
0.169847689025081
0.159544356481018
0.0859059186319672
0.152668934698344
0.429980731005609
1.27493246460576
0.283227468595931
0.329861842138522
0.364458162195545
0.699958021385257
0.247064076742471
0.348139084748084
0.491566303620080
0.261464609486953
0.200668412443786
0.400213266413896
0.239358555813174
0.515819923843003
0.441296888254039
0.707220606085139
0.213178895429226
0.424015808036671
0.310345441599930
0.325199490446337
0.0392404965049276
0.153097538394984
0.147940487376709
0.262375043444433
0.243385123351595
0.236944023263486
0.318558964525099
0.338407209853405
0.444624005161335
0.513184967815842
0.789442365582992
0.159291258205934
0.165212450168070
0.227112054627092
0.133436746608109
0.257397746209510
0.264139581344064
0.228548130138358
0.403320249527627
0.519554689703177
1.01392395065168
0.315805297146807
0.401434152645475
0.540261709794861
0.913093039196793
0.138285537294820
0.909020844107765
0.462878361981915
0.173024089446735
0.376385833397191
0.265531582590130
0.364738636417291
0.134767652095907
0.504884955107853
0.986931164069221
0.362444355368958
0.0751828795044032
0.0941884173052839
0.00651352421102578
0.385378384679342
0.826842203424720
0.124198706884074
0.280886755507920
0.248219323491857
0.0996885768849643
0.102751529221880
0.176194957035150
1.55488049605322
0.0189651327170409
0.783485125834836
0.224131277439246
0.829987799906014
0.723032408176947
0.261594635745850
0
0.302992608572576
0.285754477175924
0.210433233078465
0.196935753123679
0.0258728991156207
0.825353074460997
0.0375954245598043
1.26879265088419
0.0127321938477066
0.390726660097934
0.503012873296896
0.177797972321585
0.726000304456637
0.985824493859557
0.352884312258731
0.0874008540682340
0.175637732210425
0.507048452572244
0.0926227914117606
0.302075994988923
0.112065025152718
0.0863524264673157
0.209425660325342
0.212057223168958
0.0906871171824047
0.336382818913826
0.490295255868426
0.313498118055237
0.631371075147282
0.152976472906886
0.0815000232057182
0.219196634752402
0.289280318382310
0.580742708016897
0.306404406109536
0.728222245578835
0.484951915712304
0.577046530090353
0.629230434225849
0.0423862813902111
0.513736469332957
0.854974343436988
0.152648849565948
0.0998096380344907
0.263756305603210
0.294784918034605
0.208257368051517
0.0845615868435619
0.207955109035123
0.306046917033965
0.0812486303212898
0.124102550019357
0.517801424128524
0.183084739990652
1.00783491446495
0.198861512690473
0.231299658910361
0.645803054182107
0.305846562955612
0.335104960166868
1.78459017896167
0.264620208793885
0.442860840115971
0.181465587344267
0.534410632538045
0.304438236684159
0.0981338545132622
1.86653518917574
0.426057311035626
0.262949565924042
0.266290663922739
0.236464087692254
0.0609301082969571
0.195834449160114
0.270178936125959
0.341485589115939
1.81788250294779
0.285047984953204
0.157425992576795
0.172781257005221
0.138474381428955
0.151794246476956
0.222173959124364
0.354444511860707
0.221930074476149
0.128174776681590
0.128203471956377
0.107440671819204
0.111221042319208
0.282792278909209
0.214096476658846
0.317128652037881
0.116304227889519
0.105157708359600
0.123876427456291
0.185672646263962
0.192515525723605
0.100756630247613
0.250716229829727
0.147657855417803
0.142827455356157
0.148026888706830
0.157163118981800
0.220620271098801
0.108470661810123
0.163923014814222
0.146616168312232
0.225499173087957
0.131202838487120
0.253295803120519
0.132961561943003
0.164873280801241
0.180455428416718
0.143009238786710
0.168819161128683
0.212146869795768
0.424653612510711
0.147006977016241
0.0856954797162123
0.262468782173123
0.292230335611637
0.212638534826848
0.168489707919401
0.160377802397634
0.238967869612868
0.148932081941472
0.199580045918656
0.201563031370729
0.190067938804287
0.179485420208272
0.156705371488321
0.296988295164952
0.201741381329490
0.262734116929949
0.925295968934978
0.210324398576914
0.485259107772518
0.403519600630312
0.191863328384110
0.214762531595237
0.244326397103422
0.373759720793981
0.648851833156427
0.388922799483323
0.813636652458845
1.22021291880351
0.359710878717921
0.386091240883140
0.891732679152796
0.556476527146038
0.220111972343778
0.194971671648152
0.218389312300651
1.40715710742182
0.577900173377128
0.177979350945516
0.397493099505501
0.158284321512937
0.300603733911280
0.191732547925201
0.908730388144534
0.445356759227959
0.474566757110813
0.272496568083876
0.0473207557793710
0.0947112623572253
0.263047606627235
0.177737986361806
0.0588891421662430
0.116606556784848
0.345767611686850
0.131217211754115
0.0193151726380224
0.229171971413164
0.211520804189836
0.0589707376599234
0.0903029084171861
0.0591868074476410
0.216391280106441
0.497356253119980
0.114383215707569
0.769984015548664
0.643188434941097
0.283966851200937
0.229430699860103
0.0236838667997503
0.163771821774772
0.103037613818929
0.478662870827248
0.236544302688202
0.295096113266363
1.60557256788229
0.154377512131454
0.488639920524214
0.140329954730588
0.232008843164481
0.200740317078071
0.252288187122946
0.307260817694289
0.237291288779717
0.178193034711591
0.170225112815922
0.345081142600669
0
0.215513427857992
0.264943866187847
0.370063633248708
0.310813603745325
0.124072924867216
0.225181344107352
0.210182913324074
0.126916496407024
0.102696104548061
0.103759849326447
0.0546827812596129
0.239934696686388
0.137084975767013
0.178749709477943
0.165528671459795
0.159561420028834
0.116118998978141
0.0243874603275213
0.227351422980420
0.147620475193567
0.0298518578091915
0.153272168543249
0.342598409453611
0.489398846776156
0.157666063403382
0.0677598353430725
0.108543086436754
0.0107850360167885
0.0957822455227270
0.103563146015266
0.0964966870005540
0.209313242347436
0.348105132221043
0.619947664117867
0.155742214094500
0.0952974759027687
0.272940059999206
0.256299160559804
0.194487215759478
0.214625290668440
0.315776543522138
0.319577801415658
0.223422705183964
0.284654719648867
0.169951046646670
0.167926371472082
0.0594658381019255
0.0881709229124497
0.133557517767763
0.521861852762892
0.0620134462277731
0.339942725239938
0.0971351778437449
0.154875753847384
0.164669061935592
0.167765426633969
0.0548646389054819
0.462149072818338
0.0913277480331396
0.236309718829123
0.218399170802116
0.400156681517921
0.207521532068183
0.0923261400367386
0.166322265909253
0.342894979516464
0.183673582929137
0.298365758461702
0.134567280950677
0.268310482657742
0.166295130421708
0.148912815446807
0.201471628839816
0.352237770919320
0.220737787289435
0.353823366132706
0.147752396564113
0.116257389002316
0.0885182365277842
0.120182638935912
0.245424376676687
0.272070014034186
0.198916177042492
0.100225570031084
0.343011275850224
0.217077481765302
0.208627739533315
0.291752962349815
0.350826723886652
0.178359386446422
0.168462212127913
0.295574362994578
0.301532141507776
0.501864004913700
0.0818555378530082
0.123457544241874
0.212261654843955
0.170532764023593
0.112371139641345
0.168951728973485
0.0474083235951030
0.0330211111079581
0.176847134794437
0.201728099361759
0.396339720328332
0.210367440193370
0.774667565988914
0.638577369654733
0.553407586858529
0.0276073065146890
0.0594659647066937
1.00169042247690
0.161261581287103
0.479563737778127
0.199252901024694
0.240963148332407
0.214735167061070
0.245371154054780
0.438948169350198
0.0750348395597694
0.150683452755973
0.289763653166753
0.527981853542226
0.372400717328976
0.152999281563490
0.150139504310073
0.445961127948554
0.551065127384483
0.198341690077623
0.688278313896846
0.568302066042229
1.58058201635669
0.154267188690251
0.251000100549453
0.246804375400576
0.0766444957415985
0.360827006151024
0.327679123486682
0.330150821799443
0.301437314717128
0.292451172202147
0.307719528682006
0.304119961105544
0.305008329363748
0.262879151373798
0.302760171508674
0.294098399112806
0.263553894218440
0.271774463762467
0.291402838816578
0.290590159247265
0.360382596310668
0.289222485600683
0.297844337024960
0.293513561297645
0.306069441559961
0.806142837106830
1.16900280095447
0.712122514753548
0.121585292129799
0.725107209353450
0.774213443380402
0.133789356018622
0.526672184630453
0.230034773727886
0.221825000137587
0.180088702156638
0.0468642983076034
0.319061030344722
0.142977601953944
0.439571437910505
0.157973083194594
1.03105139961531
0.648622353058669
0.233031879240583
1.40182584425198
0.0470991061519043
0.0451962908801827
0.0444655700635348
0.0682937854220791
0.139499595415493
0.601207052606740
0.240678707945593
0.0753802388838691
0.267355390570753
0.101795406424898
0.158586199655743
0.762083373393909
1.20693315456444
0.357314682566538
0.161998864108260
0.361458292925859
0.555143631973755
0.711095071369933
0.433852615187341
0.438850843780813
0.278443218384697
5.43712175674167
0.253217053874145
0.109076950710407
0.253353301236606
0.237245742873072
0.423766081752300
0.0919654447999927
0.204519598053403
0.401444361813747
0.462040331583791
1.27937777367801
0.0806636173009979
0.601717931155372
0
0.115676907352733
0.144367005794892
0.203857489004248
0.120801286719864
0.670673598095484
0.0716400721748475
0.299642291093873
0.0412729099312733
0.567086065959372
0.0924809137320437
0.330255984699223
0.267470768831140
0.0706748330820991
0.192947397776459
0.320863868032679
0.215421840642034
1.09166218424838
0.170943155344012
0.270408697888242
0.100161586142588
0.250535513169828
0.116370958304226
0.219840850843915
0.0963609727424081
1.80642099447766
0.195381945507902
0.253180643976635
0.0103393612445703
0.642455805271051
0.332155907196920
0
0.497790364872262
0.205165327452331
0.324388821945032
0.194770063043609
0.485323083848103
0.0487576632840795
0.339342867179966
0.595272422200124
0.567583769292659
0.292061949193714
0.154566115206432
0.0378445097610248
0.0173591136404033
0.510561807894092
0.413999327314024
0.275861180169014
0.0342193496385446
0.186548391763065
0.224143757531603
0.113850940229543
0.646455466246384
0.550392266459314
0.157012048777914
0.387861965431040
0.267145399045575
0.904012299191815
0.374002367477723
0.226107686132354
0.325271516622022
0.558713641186519
0.192276079519573
0.241074759314450
0.273367920154594
0.398792786017877
0.517760555285386
0.0394410953435835
0.137451626299102
0.114859578574216
0.266452282203847
0.449327209649938
0.899152857320493
0.212762232794981
0.174721649048506
0.201872263775442
0.497485988135991
0.584605702599353
0.405588481111165
0.224370370869012
0.0461524964056973
0.214852600077193
0.387155128259960
0.0492908267708929
0.269289229005346
0.169590278421283
0.0753244903895756
0.118456266425807
0.478873667713971
0.221174285100467
0.282024188927572
0.254056881923164
0.335317238417111
0.219487538927470
0.226205644096411
0.0789330136303965
0.425250581542014
0.300063844399471
0.252633844156899
0.596815879196164
0.164701377421588
0.482359741504623
0.689650982393853
0.314717295181878
0.330920896646666
0.295870304270330
0.721817237670885
0.398454524672843
0.200382453571842
0.213972589258644
0.375040614737645
0.392355416901841
0.0558661585862783
0.340011507837969
0.266651027268945
0.356521501720262
0.134332729917752
0.222284570844056
0.122627103331308
0.238667357861240
0.0782679174036536
0.0707313597444397
0.124479859061843
0.198201151210290
0.356990273770244
0.381845187381442
0.398501646546730
0.741135793530123
0.422217081876132
0.549651183070410
0.153753096719445
0.710446236607401
0.263647619932952
0.713745710789492
0.704598760500852
0.778186575931903
0.120330648419524
0.182241371163039
0.0816810098351791
0.353784610001314
0.166868267208690
0.0862584800439422
0.0115035445728201
0.0628600809393284
0.520965793052993
0.0699038160403568
0.548950134049085
0.364735203958348
0.205949842302123
0.189260189715627
0.0954712514141125
0.0147285972954371
0.654865385171506
0.200648950838913
0.489947170429359
0.136532422366904
0.479136606883692
0.00441822961891314
0.127576137868551
0
0.177086260040716
0.173359251512990
0.111536293982665
0.135295030749508
0.355104715199941
0.397437854457925
0.191123554742773
0.712414080212454
0.212715815554762
0.279470229019554
0.665312804282724
0.178574075999121
0.245124767998536
0.336447100641785
0.271718245368921
0.235660669490284
0.117736612123479
0.235810036609658
0.325159911780186
0.339965328616633
0.350328705809472
0.423536000675832
0.699691158331402
0.419014737783123
0.590820022883998
3.81630531575677
1.36894816755534
1.31341631596035
3.24363095530183
0.393998338524000
0.0847863226495909
1.10750359392724
0.303039379479143
0.261414466279334
0.901296187736561
0.258897731817361
0.151718759076169
0.157739401088002
0.272318416063083
0.174835359842606
0.187836578791919
0.230494779285551
0.850993987997152
0.158255428645111
0.222220522123601
0.198431908617947
0.315874839482962
0.485061735177362
0.179378555527068
0.319439022305877
0.180555380014461
0.0898504563538725
0.234082697456666
0.226963601550985
0.456405195941310
1.35207943002312
0.903111212089614
0.150175441482335
0.146583644760378
0.183831417790045
0.796645575442365
0.0863644478137410
0.112063707762948
0.204037185797614
0.208235318804085
0.137938369671212
0.206569984549212
0.0686795363049760
0.751435233997287
0.304518432841722
0.186629369380800
0.482530052665387
0.305982220037764
0.00312908690585672
0.259146731399775
0.207350209507116
0.232749777398027
0.290090147003107
0.281310326223404
0.300227349830251
0.0566080216510134
0.310052881602126
0.0868338454548397
0.267102997333784
0.276277842435611
0.286193874599416
0.284163369553971
0.304016738873410
0.303528335086705
0.118580729180001
0.0966493056871291
0.303077067427321
0.297625914002167
0.313792928413560
0.299262350312018
0.298102578136766
0.305455114953337
0.306542523855589
0.286068409250500
0.298568334232498
0.312256118976398
0.280283376790078
0.294043381746856
0.277735415387269
0.309917246222602
0.278370734997651
0.278501447069234
0.297474318764042
0.264942542846175
0.268222717365802
0.295587335963033
0.276240247436742
0.0373929369834607
0.0368076673125563
0.0172751015617739
0.187407556170605
0.0342804678702032
0.0432695731331536
0.209800790668867
0.0456572815282869
0.0291337918432759
0.0391783627332863
0.477841938578675
0.238461548408578
0.296875892300654
0.377472324750967
0.205833256560008
0.389672852106320
0.141278087579183
0.126651247272486
0.209923899628726
0.141615530045562
0.209558345723960
0.138427498470737
0.471813056472600
0.629733194611226
0.169872555778522
0.111266747780446
0.456212997382673
0.416995996085818
0.206327318268766
0.115454775299204
0.186019409520299
0.194574819141934
0.419446932098510
0.0602001583677201
0.0440333134847633
0.0735244736995552
0.0725675048811271
0.100889658802310
0.121532310846342
0.108670009419547
0.0712487007125648
0.0905218851445502
0.100107703473856
0.111775066145119
0.115396504462899
0.101767198451776
0.101089821348651
0.0815574861737265
0.0835170729034405
0.0949426060349360
0.106406162277743
0.112399061835970
0.103700878725945
0.112323935286563
0.108523873705004
0.0810311502236385
0.111806769856575
0.0998278649816876
0.0844102157732698
0.106076822435795
0.107619815386932
0.109231023113331
0.0950534089590868
0.107434348269118
0.110838833032350
0.112544308859523
0.110796729248130
0.106492517821475
0.0970015982980093
0.0949498394570387
0.108994715554878
0.111165547165867
0.113825353626358
0.106830939472281
0.0879588441311954
0.101350524029609
0.110979902476763
0.109325416535995
0.102420930504046
0.110937648138857
0.102346672895555
0.110118931965530
0.0938327978586058
0.109476025661069
0.105906567259421
0.109862914098875
0.107178364956866
0.111970546179547
0.106552670224497
0.105355512526912
0.105832864593155
0.109257287717122
0.108892937296468
0.111344973854184
0.106975601512803
0.112501925608933
0.105349484449922
0.107389674192218
0.104561316677642
0.104217959579915
0.107311996718886
0.107803710553887
0.105742483032320
0.101064288357167
0.105527547598411
0.102335503577548
0.109386086103942
0.106320604590496
0.107734723288241
0.107333477959610
0.109038591027137
0.100727813432698
0.110549791068677
0.104638609351390
0.0952955631849901
0.0940620538618698
0.0972409905422902
0.0976810036858774
0.106043512178482
0.0948509734728302
0.0816908754075964
0.106601255342506
0.0922836908771570
0.0938054002304911
0.0894411434648522
0.0586227479021416
0.0907881106096461
0.0878924023800187
0.0964528179286108
0.0914486219098923
0.0807625973484396
0.0769222281941229
0.0969606165991246
0.0674905360130207
0.0812843859597938
0.0950099768155428
0.0904484053846651
0.0825999297027259
0.102909708918584
0.0602425589227989
0.0678306278075226
0.0694980843428595
0.295274823608425
0.0806469528462878
0.104497898444840
0.294604187030038
0.215359628313466
0.219405527920145
0.739015823939317
0.450277461747701
0.120237170126720
0.945324133382938
0.313940782541601
0.301963285065272
1.76896752792790
0.212385735592546
1.31295552809113
0.241636092682046
1.11703527746426
0.378623486065152
0.116758650896380
0.222520394360278
0.115872342243089
0.443055821221777
0.157808359546668
0.108813797959476
0.100483231661119
0.150617995196953
0.217383259921953
0.231861166889890
0.0361895828545855
0.251293679309213
0.228176380422776
0.0934779980402693
0.140252559607895
0.287746670477081
0.288415589753184
0.269234761567056
0.0685089523667631
0.113558742989426
0.127727965180433
0.136975027723331
0.130590955705518
0.277522077192902
0.499983384706652
0.197731564839602
0.0935281550522569
0.150522714082929
0.425668208372876
0.339590540261983
0.216081645293472
0.458736409698794
1.46698067649194
0.268243731942464
0.266097975663419
0.128412504892380
0.0859787126587051
0.0600306478703145
0.509854220379635
0.189020506114922
0.306711743461447
0.115964759872636
0.243882856723970
0.186038040421656
0.445385256078979
0.135378847596708
0.270858887275932
0.173347302821389
0.441817568697996
0.0980419294829902
0.383313143927078
0.0669416389532258
0.975448920980772
0.213711858045109
0.196320514402711
0.105622190682152
0.196322460894965
0.404165684800208
0.725905703259234
0.353192020641638
0.560522681372705
0.728898753722670
0.432600287819912
0.108394628345289
0.0514625030225661
0.194929419535598
0.631600630754517
0.228624915425398
0.0567001747953170
0.635182324009652
0.825698464522860
0.670409955297486
1.03895256688644
0.399153354400160
1.18567079892238
5.19164015818085
0.390709728911650
0.127066365596713
0.208754977958339
0.388071509202991
0.00862599644614371
0.0526516221740769
0.113752095035109
0.0998248176910037
0.136173333211856
0.0442679284841506
0.151365118108612
0.0740091151997969
0.0758381283826537
0.00556437834369827
0.0474616576223514
0.111616558149327
0.202577256424625
0.114556788512130
0.00785712414508147
0.277974927953393
0.440786008532588
0.188138106145479
0.144656688226015
0.253494628388061
0.163015551176946
0.197800198700931
0.142206070097076
0.220000867154952
0.210148376620828
0.236058255999229
0.205927851051618
0.171072938996582
0.181222668586740
0.224631053541436
0.173753859772266
0.162837767986383
0.280021457955031
0.176497537672171
0.219833519416052
0.184657572979795
0.149534330694481
0.194142962776339
0.244389874854150
0.209750776397798
0.221921357759063
0.215547805440632
0.187378403010702
0.167738152615696
0.313104532820157
0.168630967444068
0.224810972807716
0.251344920039532
0.156061418641026
0.190093188866246
0.151080031214969
0.138842718065635
0.173180212197208
0.228047523185130
0.212054932119731
0.222160407718014
0.188774010330037
0.192975961751651
0.168728815464943
0.192846980220053
0.183874780667243
0.184336393834659
0.198724900463910
0.174739324537096
0.254045873761953
0.186227880681574
0.180126802381333
0.233366223599229
0.206673656129530
0.179311465392931
0.394554674658474
0.198216149758602
0.173523796483119
0.200808176398032
0.190852269539040
0.206965976137485
0.225425996404104
0.252012920011460
0.154426162259460
0.277229927608222
0.185432225298960
0.199999984963364
0.240242440097360
0.243384587227494
0.236238327515434
0.297275285766531
0.158012603339231
0.225979585607929
0.224232081643444
0.158961083731063
0.173580862496549
0.245171512679208
0.199867030676583
0.173394195810986
0.220179349302928
0.199904437727489
0.182989420061659
0.232361752001648
0.201207274259553
0.247809464677521
0.223934820956198
0.212992412736012
0.208819516983181
0.275770476428907
0.254946600349887
0.265330938065244
0.187684850003155
0.132384708201893
0.159118082051060
0.202591738877162
0.173091336657219
0.179302082229909
0.259979660806615
0.228893700999409
0.183955276767809
0.238250144133903
0.235353593846526
0.201920910726101
0.308402419042866
0.194430163454676
0.248881278871943
0.228275616963882
0.185709196628954
0.245305232737096
0.240579280964415
0.189398113927171
0.220426124119290
0.192738804369175
0.232437610499731
0.211931643094909
0.189897205841701
0.175025271532069
0.281151539017268
0.199739545601422
0.193576738260726
0.221631811524109
0.167226696561879
0.167669562287491
0.177168010830150
0.156709251466273
0.190922650061189
0.218159013569624
0.167508457979140
0.188505629544578
0.198186994795960
0.250669869088024
0.182555875753903
0.260774462241537
0.195470625741434
0.221551544040801
0.177970110501334
0.149639346747034
0.182324372561057
0.212450115148407
0.180763772992505
0.205597275644688
0.196705197818800
0.261061207974281
0.154037010630699
0.222616533530065
0.197241955926967
0.249921969739448
0.189814764206295
0.231429988258987
0.193749114423072
0.218822573068044
0.212897087220171
0.191811260404834
0.214695839800990
0.225814580444668
0.238673564914174
0.239257409697594
0.242254375956358
0.244310747544546
0.245183734501016
0.191311555395600
0.196053966700831
0.251089477024822
0.218383131671283
0.199592834880274
0.156392187806606
0.183054793037845
0.297649506043287
0.200715832424334
0.252819499036208
0.300580963508662
0.214446962530547
0.221728910511580
0.168162515707745
0.216005843678183
0.270648397780857
0.216213404714341
0.148795738713282
0.207352158693340
0.131950724239717
0.191733999186692
0.185862548613315
0.189310380898334
0.187768825149882
0.227766734302842
0.148815444528898
0.180859051410138
0.168718431452147
0.210087558766349
0.200070128146325
0.184374549908467
0.170790600054081
0.193247281298802
0.208081942029707
0.218410035747179
0.207349201015417
0.203922510975005
0.230515200023120
0.186014032479008
0.207564274014804
0.186503846258342
0.170716676820504
0.203496827437868
0.234956148093456
0.242528297247762
0.240596804129879
0.252792975388562
0.188500659035958
0.223458653644986
0.187040815019228
0.143575654672253
0.219253044626192
0.232283223644943
0.217628292679612
0.167869692954950
0.204429587300841
0.233031295947444
0.218707741429608
0.204892827358745
0.281429186146801
0.203864850725908
0.194686625315085
0.199364760873781
0.179117513192673
0.161729999005872
0.169187627084697
0.176757372744137
0.166480410067499
0.214957689872591
0.242993593375418
0.218701068032285
0.179997631888438
0.202855553951306
0.285802405040478
0.206177886413144
0.266212744438005
0.173787140352008
0.199400931901643
0.182510704067358
0.222083956506835
0.254499680053850
0.226047711034546
0.178833411687679
0.212309467365886
0.227882574301117
0.237791613543941
0.258433029353442
0.189477899110793
0.219233443876551
0.200248222800858
0.166823677230708
0.216549698797837
0.147701205605869
0.182072354946973
0.196573833914170
0.148892883841681
0.216708379699178
0.236718206054142
0.183300280813092
0.164786465229329
0.190684784950275
0.208952861365855
0.249877747843102
0.204987513101596
0.180743459509825
0.195723412168577
0.161344079780250
0.234833153219694
0.222565084734035
0.232644048824662
0.243290947292976
0.230970538682618
0.175944264160737
0.182888311890090
0.183692785126347
0.210715353585404
0.200116270199848
0.225850241209272
0.273820009613993
0.203395534063778
0.241108103715110
0.230222479372409
0.236276006269894
0.218807935791969
0.257837700544311
0.178853614107711
0.193960197798111
0.183150038998423
0.166015100040399
0.176474125624922
0.216613985094894
0.219864996665908
0.253885427573906
0.220640915853670
0.199898425268412
0.222777023933928
0.235152985334635
0.243821404580371
0.174151567576285
0.186693053351149
0.167672296287492
0.194533118549420
0.211448303006650
0.220752454426314
0.242357463086640
0.172378391522474
0.186305639468847
0.221554318129522
0.193587136517430
0.153783139198498
0.152347204052749
0.141821877552551
0.199364884207040
0.296446155895624
0.208178598296517
0.228455945184716
0.238259507073969
0.202730577797812
0.221217816316077
0.184499662172155
0.248726428167489
0.182943344225987
0.204199795848017
0.203915534494481
0.244361043853817
0.257539363546357
0.202133641476476
0.254328499492557
0.168644653474664
0.187535057585701
0.171994666814214
0.217578192433472
0.185834804988581
0.175843157895092
0.172386108270950
0.194740075717329
0.164942281579605
0.231348383225348
0.241119595702536
0.229291569154689
0.227958024971178
0.176085652021650
0.211261680989490
0.215014383420524
0.191229857292288
0.209724525752698
0.206995501840803
0.173089536110848
0.215876695528948
0.210871165541608
0.195995418881426
0.196485956763317
0.248277326209393
0.156867076843141
0.191638529090376
0.263889145473680
0.185396615696776
0.149042032802651
0.185233546800265
0.203947813809313
0.168054426388322
0.206823561890132
0.231260727784285
0.243683428175741
0.214349411346278
0.210250884065187
0.206448511835340
0.162714601354846
0.232266228026282
0.192053081054985
0.200276872390567
0.217401975979701
0.230013398309662
0.202824494839074
0.180539873402159
0.215738448109966
0.184278179181444
0.151373076964351
0.213385074130125
0.197323520020882
0.188789991548097
0.204150389331724
0.284348413421727
0.237770617665357
0.220867365727170
0.236166487023155
0.235733533416687
0.167120597986339
0.285058100514561
0.154070031845557
0.198704013171434
0.181816306267241
0.162723610795918
0.206410036157145
0.225415460733459
0.220219406502519
0.207599838554267
0.183280627923854
0.205605765057757
0.238501918778939
0.192471361878933
0.231437542385745
0.210185449937781
0.204193751944826
0.183063065399494
0.215632692976837
0.231562562509906
0.215245654988836
0.157613857287319
0.201215018930086
0.194725907923662
0.158420996139901
0.227719409439893
0.280695455842607
0.197007265116659
0.198357545952100
0.218838944864933
0.179342231328566
0.196819083032474
0.178586356374920
0.173857794097055
0.287962931367796
0.195544583417171
0.179096615047510
0.236217171648108
0.212703069666677
0.204780615672261
0.184887244149762
0.260362197213147
0.179030306431214
0.209976271208453
0.214500097953088
0.158793484243157
0.181477514555647
0.220726636595186
0.198592494013113
0.231735600344959
0.196587955578277
0.197021403637916
0.259461462601642
0.241314254473945
0.207188776424425
0.175025749189734
0.212376283223483
0.196510996668655
0.168456043117584
0.198981974715933
0.203525127554252
0.204420530956550
0.220397997439570
0.243328678576538
0.197577043169626
0.178526126092784
0.207858356399264
0.183633983647779
0.221093927762218
0.185564639807484
0.174605906717970
0.197879001338187
0.239750947689863
0.168702665315584
0.187163765013766
0.205450473410432
0.214137775227305
0.232534897400169
0.204011531877916
0.234006919724873
0.219718504216227
0.203831204450496
0.202320102607102
0.203746114286497
0.204591609273088
0.219469211874764
0.194665800681979
0.167378937826865
0.246880192429890
0.210457380762422
0.149518825023031
0.182250802966267
0.183237391870030
0.189348964953564
0.203867132481794
0.209714473176627
0.199026404253030
0.173151071667387
0.228143397627774
0.248104363654003
0.218964641264328
0.151586908895234
0.204381913020035
0.215831765899215
0.213878784866613
0.217807091817666
0.214012849860812
0.163195419299107
0.184134761082915
0.173057445396946
0.191621644596195
0.195993807925020
0.164738405724216
0.202337525630163
0.222131727648150
0.212896990260306
0.262892043841041
0.230857233899664
0.224836006222915
0.190249634393125
0.192597838515694
0.191542342844763
0.141344331630504
0.262734217909346
0.232264869376617
0.187205504798619
0.226507531981810
0.205583897837392
0.235003138823748
0.171059277967254
0.187871399426833
0.200664108710259
0.194930843916324
0.193939552757346
0.220083232022729
0.178654112281661
0.205656957759125
0.165094139826124
0.201785115371735
0.189913018621666
0.203348459100673
0.181870464796229
0.200495332052756
0.159500572538240
0.300445883684585
0.172884712376069
0.294182427834528
0.214085336518899
0.291362585917453
0.215097377404031
0.187780221112557
0.207612462951081
0.151584623933581
0.186987812893731
0.211209144691356
0.175284361216526
0.136899916617004
0.204011742034508
0.190948622868443
0.230154527320871
0.155122682037144
0.176216751083874
0.180057390235669
0.167373426581765
0.170756633824196
0.179128751035457
0.155366919295656
0.219924523582796
0.205748413031340
0.196257994022413
0.184479409457775
0.192540999633106
0.173802945955178
0.263595898113859
0.196976572020783
0.184248503844002
0.200645630915935
0.216784121513293
0.173376901125453
0.152064803441984
0.196927676736007
0.150034344649445
0.179931307687475
0.168788207900313
0.139661097806529
0.157438636892601
0.178613263378213
0.221647117775723
0.213180059118345
0.269584678340562
0.287920184806647
0.166884967570867
0.210008863156252
0.259721026308908
0.254799712011414
0.203632424191988
0.179767400202953
0.145031230721324
0.180603395463006
0.244451138907216
0.146165424164469
0.175869702709007
0.205511419030506
0.203099278102827
0.246228295142553
0.232993040274249
0.183358798781218
0.189570199791377
0.255564134118976
0.191876437662750
0.184991594952109
0.184485754575608
0.201144714341149
0.190335213090327
0.217349156225759
0.175430656511958
0.204073355670109
0.153466439813972
0.186674080231599
0.225546465996319
0.154340511494030
0.198469569553655
0.203940281202494
0.170591923959474
0.219190044151555
0.224292888946911
0.203476455468031
0.156399277327803
0.191121823453240
0.162514398451954
0.205820070943738
0.174135203469830
0.188762131941063
0.274894878565603
0.247038935413981
0.154195236842419
0.193557163639597
0.250325793098748
0.244630332370311
0.316714478192115
0.255943215226349
0.217087223449956
0.215165436576516
0.243350105407114
0.181277935811916
0.224706324883324
0.186281221534127
0.177287864460786
0.171034516572465
0.260880565934306
0.210475163194370
0.138158505153589
0.150534883937820
0.215931041095841
0.189282565976919
0.197638158279742
0.223369952211651
0.186605918646073
0.171491019089377
0.184906707222557
0.169473001014250
0.174645244165142
0.211262585100676
0.177360813997769
0.178408133929647
0.199118302472866
0.189215773591260
0.197394440004187
0.263022231613204
0.166731305782781
0.169452693620356
0.270931592720521
0.181488371603206
0.209306196079755
0.169737259047481
0.215201251737210
0.225897510943003
0.174157240823504
0.275134449220395
0.170665425143271
0.208430631466431
0.235459991056782
0.173088595296091
0.273229357370822
0.215945133671734
0.221621577868358
0.209990186558672
0.175662134580068
0.194303942135542
0.175034828725832
0.224642204717317
0.215850138905899
0.163449362407969
0.184023896632203
0.215225213653464
0.235710034526277
0.226997943499866
0.157790074334473
0.127051666692244
0.169049633181456
0.223220433946796
0.193385942333728
0.188500319949096
0.156414763603633
0.230390755737876
0.149825329197737
0.236764138703211
0.172168870557265
0.169543313797717
0.252858648082723
0.203349195625022
0.177094285854740
0.192005300681398
0.184515510561886
0.196397964571032
0.166229184738960
0.172069058342581
0.164772771533086
0.209898208095901
0.219425008818267
0.171998110793831
0.170791078823361
0.221481406129279
0.163450859729127
0.239810741683692
0.189861083593933
0.202911763447674
0.202424592852537
0.160805392579433
0.203992720896034
0.209320892545791
0.171729440338528
0.265442360303523
0.223024352810238
0.197740304172353
0.224350284771135
0.208025962054537
0.177566746962184
0.178507837295196
0.199380277651507
0.139045270958581
0.226980161565747
0.281166077806319
0.213119987771943
0.204338406113191
0.166538838733452
0.190190898171206
0.150553996677935
0.140406846432245
0.160792397945539
0.158319421546001
0.221293209848002
0.210123438339973
0.199428034638263
0.167557539053171
0.184196467605913
0.150373294174034
0.191865158425543
0.197055364026861
0.219577691337623
0.210598125549890
0.172313556670721
0.174818111438616
0.212280937689459
0.179271028264345
0.223809861848003
0.203653488230803
0.198591218297644
0.215087849082393
0.233125412261835
0.208301233762902
0.137551602007187
0.256697210650407
0.167258302581733
0.204738121296379
0.229591372018316
0.192177053073487
0.168051873135052
0.127417365232997
0.176635869047261
0.178955668714363
0.187340858291478
0.259615353990152
0.159166988305898
0.192888281231842
0.271314677620513
0.153181225943927
0.154627491687294
0.220517112381183
0.198011226394918
0.182784849313732
0.284493325303305
0.207074118590846
0.171494295296045
0.241044581565802
0.180637938731876
0.216979901256768
0.211375233585700
0.125246205212728
0.193283028991850
0.116731587850966
0.193237527017487
0.142677471180914
0.151789362036359
0.217956421777870
0.149805628244912
0.189546593446438
0.242204389974931
0.230327246896271
0.197349341181499
0.171460383713635
0.245445695939024
0.302965653878784
0.219536788980604
0.199922468770649
0.283556985910092
0.197766034439903
0.168691466075124
0.193009762083863
0.247486334865212
0.264557296601697
0.150897477321788
0.284033577897778
0.212182275460682
0.239709560007797
0.161549235053710
0.255020110848386
0.187940799831748
0.215049791261802
0.213348527322700
0.232255566617731
0.249908947312863
0.236318784854389
0.184285889435520
0.263050782787708
0.180963037969202
0.182891494556798
0.168094228690929
0.196031742874530
0.111906461217388
0.131387877820019
0.235540993788634
0.186246364540451
0.176720886088962
0.226790370895327
0.267771697641673
0.226148856240597
0.169957351053189
0.217525419723210
0.220002634925177
0.174021087789589
0.253281565002605
0.159858748433672
0.161898043149058
0.163363610655489
0.200777439356211
0.220949944962609
0.174013836940198
0.188345489241217
0.282322970520436
0.216078585687590
0.206527349496411
0.177755728544161
0.274862949485988
0.148818007186569
0.274415947892991
0.252263132409535
0.231476191090582
0.169843342207135
0.162323081540051
0.235085155868717
0.213733013827419
0.163625402792344
0.164508523131174
0.180328601893777
0.159303554085165
0.171235928179411
0.198868380064979
0.245629181984043
0.246317833499056
0.233229716970451
0.195381122655531
0.199489185984833
0.143917255362213
0.211161210826838
0.186368557732361
0.190594982744186
0.162093420305433
0.200885851698089
0.197900288447543
0.169935591131299
0.257515151613949
0.203297218599794
0.145569380942426
0.311018929957969
0.162625797021568
0.200666198914402
0.230366488891759
0.169271872473723
0.190565621532976
0.326621373913733
0.175833892801965
0.168151194714256
0.164075156388472
0.148909986720187
0.218876667776624
0.219010329691004
0.168647797445891
0.231118517699130
0.146611430827126
0.181278186393757
0.195099495304824
0.283990576942771
0.235206576371154
0.161160110389241
0.198804118509538
0.252795844329060
0.147496785813709
0.260935510954687
0.221986418319171
0.186110499877735
0.168559324750402
0.167508736690851
0.193616339439276
0.218531887717553
0.156374265804332
0.177669511447094
0.220666609932696
0.182880751040478
0.179601386556685
0.228329749226034
0.162529568628209
0.176057366967887
0.194686440932189
0.133327081287347
0.213578005362782
0.153811432932068
0.165942331752117
0.198029726236984
0.171569343133917
0.175543654875998
0.167306470577110
0.183468576140920
0.245056461125621
0.271784883821980
0.174927409779404
0.149893348405253
0.108262514277918
0.228946592727187
0.179788370071350
0.170562604728435
0.196854469449270
0.190849853139851
0.205992175845594
0.175210968960473
0.233504807445524
0.267113423172032
0.167889377454795
0.168524021008335
0.194356112628548
0.212098788165250
0.233421894483765
0.210482720971781
0.298135579901850
0.261442849572843
0.241903965235392
0.157422879141157
0.159942109914406
0.174565552177854
0.135676287964457
0.173258221119112
0.208072356876175
0.169610320215864
0.190618441865367
0.242963248985668
0.260368850623017
0.156511711117649
0.183030752883002
0.148583921064289
0.200238039735621
0.149481651688380
0.221334925866762
0.211264905721931
0.213462216406966
0.233093253984992
0.170749730527722
0.197706085250904
0.157680778517141
0.238911156745829
0.178198616413714
0.123056506882175
0.178222881682795
0.243868251339018
0.225941925939489
0.174064266027729
0.183515315203910
0.197154985164623
0.186854707732028
0.190931522146563
0.209868240523365
0.209290544817375
0.244379252970280
0.217966577645075
0.226688317440209
0.188265399814672
0.212416623270504
0.243097117271028
0.176211688497971
0.216540256839256
0.160903423978843
0.182614316961971
0.151574326029336
0.256759681923393
0.177662083374509
0.190788981542325
0.221834190861633
0.208417274402327
0.211335100628375
0.167388958737009
0.194747795415570
0.186251355285339
0.261349921878908
0.170398139026711
0.213499019944416
0.185586294265685
0.202615465583583
0.222045008280063
0.216851024688724
0.148779590298952
0.155713388258141
0.154921595686600
0.197291665212776
0.171967081415693
0.156602755113702
0.236187223924082
0.126556475042717
0.231924633566503
0.243783677920295
0.169108590042665
0.219972516442513
0.158235781911776
0.174620686561688
0.221248940971875
0.142363956395511
0.210123295933831
0.209816765285389
0.176251721171551
0.213868357069194
0.224786219336476
0.228182261275952
0.210245558980107
0.172139612514446
0.232388655329774
0.243229748380111
0.216565136165225
0.167284296200294
0.152782091422493
0.268311232426280
0.142585644959021
0.127175627935099
0.250499126741305
0.314113686414506
0.276025565157898
0.173015662951632
0.212795362569992
0.170535166151123
0.297023628045938
0.203001949859663
0.203381444448546
0.150795005438685
0.217023480484717
0.223090678742236
0.239305552846226
0.182230429202910
0.222288374220586
0.178164923765522
0.218129225081393
0.156390365214760
0.133041502436923
0.171159682144787
0.178705005919573
0.206528409891294
0.199021571018778
0.196359526344316
0.130712231021661
0.116459748967546
0.194128636012702
0.206682561681866
0.227662297225325
0.199332036408793
0.243647765054894
0.216069687847713
0.186625597308601
0.158957639235500
0.176826748902032
0.235108827132287
0.258489908841212
0.156081417055371
0.198365817872163
0.197638261152103
0.217757047313996
0.201470547599372
0.180565865870890
0.267280937139943
0.180723304625406
0.167039600040353
0.170708795349730
0.199732234241044
0.250154855929804
0.195480507974081
0.139523883986078
0.206683710310908
0.359318947649010
0.192865649239053
0.182743894681290
0.213738584122467
0.245330326686255
0.168136266912524
0.193541774834318
0.188655903966942
0.188184350548215
0.227324129360084
0.176411027400842
0.200807355488954
0.304341260351971
0.203489452602280
0.154843621510397
0.160725785104938
0.184367781391713
0.184554216270866
0.287232020373680
0.131569442911331
0.173328274386675
0.161832548993652
0.142921404431961
0.256012251789547
0.197974198873446
0.216438642344134
0.186161387954740
0.151085324030995
0.193530665557578
0.244543833074842
0.235567680780733
0.217363811291424
0.228640453832141
0.154993099529370
0.209060687418658
0.222525462120259
0.182293935261522
0.219698026278025
0.198257550075336
0.179935127026699
0.236447825289453
0.162017157674690
0.174324224771387
0.204316054903709
0.203500989108277
0.214079793746118
0.193811589895017
0.208654420970475
0.196529572297638
0.211584802716645
0.208079775742542
0.182596214258848
0.193345193655168
0.215174614169416
0.213151922867923
0.139664557686549
0.169165744930760
0.143964413592900
0.250890040621818
0.137409200387227
0.154371772630593
0.166421687767365
0.153623718720692
0.179681443029631
0.181336003864719
0.203647160529399
0.239493922960963
0.181688463186680
0.162975422916015
0.212633632157018
0.188868721538326
0.235588647990264
0.232104821969653
0.190338306465755
0.217749151326894
0.215249582111987
0.176545424616711
0.204435885610828
0.197399689730469
0.161080610365349
0.147230791732377
0.193141683804387
0.155633404952104
0.258444258529460
0.238554653001338
0.164983145815629
0.156893578950492
0.135733630209344
0.195062903989880
0.160880736984796
0.182589160155543
0.161625164129978
0.199911964446048
0.159021325319936
0.200402105303218
0.215081033309059
0.211186390414063
0.215716417798745
0.199526827651154
0.142320140861792
0.156188048839405
0.218709826913802
0.216126911792223
0.204221026272619
0.228123287669130
0.239560102043078
0.166952579502405
0.144767064178961
0.223938779041312
0.187694823400168
0.126137992594979
0.169134756762471
0.144789510376634
0.242053690406899
0.211216969030545
0.142633358492186
0.163731241221828
0.266738947257913
0.241654096650192
0.221165605579547
0.176774925316091
0.177933110432555
0.205126641696913
0.173226432666914
0.200335342498012
0.202028289840979
0.171591424566063
0.243105412662547
0.249784309124272
0.233299793394216
0.239925757855993
0.145058199475365
0.219435754558030
0.165332517827680
0.113140180994997
0.215029703569848
0.183131365172501
0.200311514081907
0.207571065438608
0.162004812674655
0.222352298582057
0.217626519352979
0.222465792165639
0.195328340148945
0.218564784005731
0.225583533475158
0.154919064663446
0.133868793978110
0.145907003127874
0.251252379217802
0.185035055151473
0.151196808974345
0.150141214140097
0.172730394512716
0.196244635505829
0.253450510453376
0.247173673616805
0.209337928720031
0.178591887874268
0.137822104787355
0.207098047175829
0.216183181789678
0.198365994549038
0.230829019375076
0.136473822258756
0.169409600283049
0.230886490266436
0.130417276843557
0.204188867887603
0.197966470888265
0.148144330052315
0.193635166675740
0.164560260411210
0.210986051180757
0.132377768604571
0.238899406343237
0.207863857653984
0.188601686704140
0.189865985115245
0.208511337167879
0.267940490425065
0.236951803511451
0.221004297167263
0.172577177346635
0.144806323177433
0.162881448155917
0.172832019581754
0.193375190132002
0.144828771822932
0.128758015559608
0.219781744403946
0.230326573822681
0.214029357974238
0.136353733532525
0.157974852881951
0.182845991165629
0.199461568582736
0.185971245082197
0.160528443154560
0.218180363259367
0.166131191977433
0.150056623191626
0.239026982347541
0.147829275469698
0.157958456375067
0.158173813579943
0.121813691541261
0.205180106968445
0.196947648419942
0.131100120258193
0.195167108070858
0.182237311924800
0.235891953813017
0.190421286040338
0.260448450309133
0.184478689279659
0.228753675625610
0.172718974467171
0.189010347837486
0.205801194448478
0.186307363035932
0.224118197243667
0.217769691291510
0.243787215929382
0.209266501575465
0.176384723933942
0.143419860680936
0.199240541214602
0.229937402526381
0.176797458370545
0.125964925930253
0.179581796026249
0.138403399988425
0.155192070416318
0.155699366321952
0.113988952644697
0.184928824353919
0.170383654894560
0.204717226251277
0.167406242216221
0.207629889924945
0.278142511284445
0.153611916027830
0.173946109293762
0.196063029944909
0.190775955212483
0.188043503086286
0.192442736606840
0.238795555142935
0.229974860689635
0.175037531567062
0.148791463734983
0.182843706846035
0.159443457563983
0.240359740907380
0.171112040952158
0.202567005204180
0.143500657253784
0.211307940002722
0.199945919607134
0.208101326897343
0.298060138142147
0.180268349166235
0.200293091471850
0.172872477998772
0.207382791237075
0.195381880395681
0.183474088391907
0.214457798595407
0.225372578589950
0.198727533495206
0.200613226883529
0.176525991544072
0.192222320680059
0.233160147352140
0.139086457703848
0.187249148535654
0.165389165918002
0.155297518754114
0.212805319528761
0.161111052881053
0.152308417280960
0.176594013566799
0.166860816352634
0.172145418552046
0.189738797077620
0.132855312269411
0.169473322048515
0.221012170814035
0.234267339125833
0.154979621774513
0.180525969451739
0.236187672686719
0.131573358305281
0.149750532479586
0.221017589886354
0.234544908885504
0.180720395715804
0.185491630750155
0.229797046807836
0.159281911630765
0.172609222605002
0.159327341255419
0.191330118261921
0.170052720311162
0.228041893166958
0.226917577598090
0.206480349372265
0.152569125218577
0.192184685743491
0.163557083648163
0.218569230656715
0.157135970178145
0.153725314672229
0.264224315613472
0.216836672248719
0.152726202605712
0.159049882731402
0.152961816514113
0.139962636877766
0.277520355673613
0.200618945926751
0.205178371155552
0.130197220005478
0.170241407890629
0.169002137873258
0.173265367226463
0.185005285608461
0.156489859908019
0.134124189221361
0.209049160592351
0.227295069950185
0.151385190013660
0.191754606966598
0.195056558531740
0.229726344832934
0.234500703399236
0.158788939359937
0.134589937266358
0.201779179126939
0.120302808338907
0.160656187310067
0.139409633615227
0.152695983273161
0.203678463942836
0.163485638451453
0.144876555283492
0.149363406900458
0.158046265498824
0.164408294060445
0.181495021732192
0.164362567498168
0.151315596964281
0.170933083768455
0.212518240244382
0.238333042673494
0.161201977844183
0.162311776811051
0.156589956687509
0.195164236968120
0.142567481434420
0.175898801009573
0.192141406820969
0.220435230404304
0.171531435468273
0.128736297049940
0.158371581769916
0.165274193771070
0.171331960395510
0.271716664138122
0.136940187294900
0.186548834710347
0.156663021025058
0.200022632171599
0.245627961658108
0.213961918331082
0.134551507897718
0.149464378172789
0.212183541738694
0.173854160234566
0.177493867019353
0.216778602406000
0.178815306163191
0.236226322731333
0.216770515658692
0.174303410367331
0.208105479230496
0.129876132148613
0.166283805885335
0.198161995365688
0.169927093234960
0.152713684424958
0.176692674644048
0.227492431978977
0.158796501845996
0.167922633698912
0.191194041086987
0.207962795954776
0.215337145079135
0.182481265050805
0.191308995340760
0.231155359417929
0.143486464875838
0.149072726752577
0.179129468582748
0.132163719767937
0.164788030820955
0.157775241321051
0.183722056055369
0.139462809048266
0.171525784381813
0.153307995685353
0.124039926552730
0.149423862027873
0.142229502339065
0.222533384817701
0.146310219973544
0.186625755039444
0.121503760208626
0.189323341402403
0.174594176494306
0.158552181223348
0.198098632519476
0.169551154830162
0.188789962405028
0.202165263674762
0.146407330779671
0.158375466722445
0.177915472489491
0.140752288900509
0.180709784094286
0.197108258419328
0.158215558311766
0.160001195615564
0.152573099294458
0.141572110149687
0.194706555934385
0.211542815588335
0.117838746011916
0.146638655938857
0.209031892555669
0.188327821985677
0.127675647001141
0.190765170388581
0.164076495668683
0.167830875899847
0.245479303329922
0.167088522572900
0.196251414856995
0.189862616467979
0.219680769950173
0.179677172244902
0.257881618561180
0.125548340174447
0.172398073535179
0.169498009320063
0.180981366091005
0.190678797019531
0.187263729984429
0.129488746802428
0.183837679297726
0.173550610144121
0.136079547788137
0.134356265014612
0.122763055170563
0.185807273474041
0.169288627872273
0.166833164272679
0.162810686758549
0.170098127217556
0.215384428509876
0.181433581850389
0.226065989559457
0.190653516938582
0.174561787840380
0.229145168845119
0.205203075678945
0.175939675258911
0.202698650786052
0.201851632484202
0.144835676188319
0.176658242882564
0.129326123804787
0.147397576959632
0.115413691537118
0.151955810382842
0.183534866611614
0.187508144556631
0.217301332998097
0.166720157167116
0.169090514816140
0.113145795620460
0.133906419915858
0.176517549715001
0.209829937794606
0.189010932857541
0.164666088048515
0.170177495892351
0.239153938910882
0.135834483960491
0.139146298551180
0.131301565431687
0.131846255020648
0.184053744432632
0.128794860932827
0.132286937247834
0.135409998161298
0.147860037593675
0.192054625144162
0.169023257298545
0.161929303938639
0.211506814698434
0.169288660998443
0.183063982341024
0.147108794814940
0.162508028922470
0.176815931341752
0.167940467830813
0.173877017451193
0.229735368757491
0.221032080590208
0.112295019012665
0.172544973278599
0.145553350855447
0.160334286445949
0.150334100527892
0.133381021641834
0.151688896283314
0.131451354439651
0.169010974180440
0.113646802367643
0.205538941611648
0.252173696467758
0.229484575267038
0.206259244106440
0.256992456434868
0.240001918326467
0.221053207793902
0.230256019026100
0.193898036954293
0.182365496977535
0.176028324104242
0.181099974154685
0.147134115767020
0.142581011132768
0.0678776210103591
0.132761844858320
0.119086005498562
0.0885921031788374
0.124661155940523
0.166061798389892
0.287096725599881
0.424328109207690
0.00607435175378260
0.189294339862965
0.00302107065461064
0.175177163205768
0.0313639044610365
0.00435328785042595
0.306554158233541
0.177431028790593
0.205202460166286
0.669760223586148
0.206137366611814
1.38043800418382
0.284060640827231
0.326529490592602
0.614194677733281
0.511540648838117
0.486028489935572
0.267863645371015
0.342760379244661
1.36780246556320
0.0709789118505441
0.247438174855046
0.233242739680908
0.182285745827674
0.303941130192580
0.699499390263212
0.223137386504676
0.371959284271320
0.459630544168514
0.157149931476104
0.245412755569414
0.598703118726711
0.391558353827372
0.191017869776770
0.747450231209484
0.502244291403057
0.104234014181365
0.298144325650160
0.120772581171101
0.594855579937421
0.427770029135758
0.158497306573452
0.318173443901705
0.399341242803360
0.518850082897702
0.270416368384912
0.207500373608633
0.232553400221024
0.111808667663422
0.675305358775590
0.153846693595542
0.684833926248943
0.224056377794418
0.142533317530117
0.579267083374494
0.353728466924212
0.418293879047014
0.0983415813201657
0.304339651756657
0.583221406811402
0.185157862700803
0.163553901428048
0.315673895933060
0.256099908056947
0.180080315327178
0.182432240507220
0.458829791212882
0.0559731761397437
0.521950242334144
0.212474286369811
0.241155412731258
0.240274142220552
0.374220741148507
0.294185047190484
0.306070266371602
0.483976477102084
0.438749267229631
0.197087487014119
0.246560565114505
0.785890615764697
0.385780274972924
0.143317084947046
0.453513984427110
0.176513381053186
0.121360897531233
0.444617940366854
0.194596753822592
0.227399064152511
0.533641670709373
0.216838383206014
0.315019029732222
0.372431689836112
0.323942424075032
0.106234269402274
0.467708985135113
0.214519445265626
0.531696347366815
0.169205913238840
0.172626096385010
0.258260157856196
0.548908635004769
0.941988067663553
1.50871276685965
0.816036086920538
0.693313466183421
0.274510448460170
0.735492432939478
0.535440666407321
0.237230983521305
0.302562507793855
0.249022912996800
0.300569915610487
0.302017725561046
0.635094518919352
0.259668869066926
0.967390182520068
0.411187613228999
0.204850069782494
0.549073589790857
0.594614066449254
0.298097874358865
1.25830979923090
0.519123871761057
0.376890481730280
0.375117739291606
0.405195254843469
0.110182416804826
0.126244857109631
0.149982058681078
0.254381894409760
0.231104029735949
0.171528382193874
0.00650549571627817
0.0719199786392643
0.0699374546644160
0.207999894888418
0.224533643614451
0.0511889157811442
0.466753573541821
0.0600470560089819
0.0872379887164543
0.0290099814128180
0.0383887086780601
0.314078829380915
0.507262515191565
0.155029187652240
0.200789676818902
0.204314185998630
0.0321156148729916
0.312383516194570
0.0817292734231332
0.968474103502246
0.622288582871010
0.748839626915064
0.295819271559286
0.507520050837400
1.19964414968576
0.695478181362740
0.265330255661900
0.0219173829223845
0.238746738167117
0.342071892423259
0.414841590035472
0.432596283690741
0.118201132334993
0.434859999394137
0.362629551647401
0.0446854934983088
1.03507649457885
0.110400898533334
0.100636967503926
0.102377605467210
0.118423698338887
0.00478808023801182
0.358547840671183
0.304059688421178
0.0688190647897853
0
0
0.0107850360167885
0.116775553249239
0.103269258461219
0.162605183944162
0.544119979084603
0.215133966619426
0.515641122078729
0.203416761138198
0.108514584141862
0.162033222903655
0.329242418267365
0.523561419641836
0.286495861018397
1.33632108304252
0.199855584811150
0.0887686869542737
0.0887572597868009
0.0344468090902195
0.0774372446131882
0.0264644146133863
0.0520822079245237
0.0399707929200625
0.0882486703663134
0.117521529572628
0.0680393261103432
0.0109519776112226
0.0356046043147022
0.0109519776112226
0.0931888161896568
0.0109519776112226
0.0455044142164092
0.0267904949719461
0.0529258241288011
0.0160085261969152
0.0165177556158110
0.0659469027311130
0.317119904812116
0.297234313234193
0.481902531200276
0.258193898549774
0.446671477003547
0.423584336838154
0.455769004053167
0.285714978595980
0.210676312499765
0.210933073671114
0.181747427769043
0.330591837256989
0.300660637571531
0.185829440529764
0.0746757422025115
0
0.506791346508424
0.263451186082477
0.0982539655986799
0.472683670251104
0.222752705058984
0.974720367731903
0.142885896280024
1.43240633448869
0.214647022349251
1.30876775582541
0.224241664351207
0.141110563585619
0.156451661623291
0.695999136022869
0.843230078913494
0.325024895783667
1.08471600159335
0.543447517054268
0.897069846875022
0.751459146577212
0.911356198703138
0.231323115577551
0.268296732002684
0.250296261161993
1.23511787694941
0.0951327576216165
0.368434913825761
0.229446196843000
0.181325127471016
0.203569266951137
0.228554441855368
0.113177436284691
0.222261334335788
0.154317459841436
0.192176144916015
0.0767605329250612
0.119614888009550
0.122468127230376
0.154615379960020
0.222065388735326
0.0594033412283254
0.120846330029738
0.0745182921189774
0.118992417752249
0.104755612291738
0.127873670119711
0.155693761936619
