0.0774504191161868
0.0665589421443221
0.0131601523877203
0.124104310571589
0.0494182201301526
0.0988119505596059
0.0774822120898912
0.0902319710788481
0.0403904433174017
0.0658682687162684
0.0100211626960206
0.0710592440299855
0.0320466713533242
0.0594007459622839
0.0592596772400003
0.0386813632298427
0.125127447433359
0.130201703880551
0.151376807124261
0.0425865611498930
0.0381514250056735
0.0394189349865578
0.0860477003838164
0.0620994418615735
0.110782979769667
0.0480390122541908
0.149594710387704
0.112720650651540
0.0817289263470855
0.0703492351842264
0.0976362752477043
0.0403613041409843
0.0101862245764094
0.0991095580497531
0.166470588272941
0.120332196567846
0.152351848144026
0.155928201867916
0.0777106385673861
0.176853385855799
0.0352210170927286
0.145617498334732
0.151350995341150
0.0218482390249294
0.125021668805978
0.140486187633589
0.196789809006290
0.231371965357535
0
0.146253656347147
0.162375211222798
0.139211555544279
0.116941387517269
0.120177627995589
0.106914653418244
0.130468908862154
0.111441353711536
0.119059093463084
0.158312789489042
0.176812325899426
0.140342994593307
0.167454471225158
0.169297013187344
0.162064036490476
0.222493109963026
0.139042623939697
0.236896936475153
0.195324197628819
0.233571397475220
0.218450081656578
0.124353737122227
0.155074559257616
0.192299650195608
0.160540582067218
0.134706178517651
0.149525907580192
0.127888912049128
0.171150413614633
0.131362632226562
0.184160890202562
0.185124706759571
0.194002132180331
0.242600865175778
0.197040606006074
0.188265575057050
0.159532486439507
0.137832032266930
0.194868751209558
0.164054905227579
0.203328899685706
0.228599285070719
0.148187145979395
0.183925621402677
0.0907251211631820
0.0949230080911171
0.225739542289568
0.124889759944798
0.213086379117457
0.206334390658694
0.120465973005719
0.123014666112201
0.143190800500676
0.205098485681594
0.191032544435369
0.114674092860370
0.211882782915455
0.198050934170020
0.125378492804669
0.117396170319805
0.126756569562143
0.230625860618306
0.155359611612741
0.134134931077098
0.114669119027820
0.123749299439108
0.257494157924838
0.186339781488617
0.119578658547022
0.193823699005925
0.127728154830374
0.151159686033166
0.139577941477921
0.185850781057843
0.110159525120958
0.195590017884266
0.121192989458463
0.141695153527499
0.0787769882561040
0.140049218874549
0.106590449205380
0.134537452466701
0.160554427065138
0.129352572723618
0.0208672953282725
0.118086458257091
0.135555146476268
0.149259036260747
0.0595858551938944
0.121973938530646
0.00822901970793457
0.129363906665229
0.133605682252426
0.143197224763918
0.151924494570196
0.0107166510618607
0.124922957993483
0.0864615443091958
0.0869336841736277
0.116762587269900
0.136721842143239
0.143154392602964
0.132444672037918
0.110890377443477
0.110239812659769
0.0966457969116322
0.129796849492475
0.0989101137174649
0.0843871628259070
0.101293017698438
0.150203217877678
0.0406980439625252
0.122273519116367
0.0910436350550896
0.0874813725494038
0.107250194630022
0.172382258802012
0.0820091639019240
0.0933854619584154
0.0754742985116417
0.106301281744698
0.108404638711557
0.0961652984799587
0.149640663219093
0.0558081089505515
0.156000000000000
0.120312593861412
0.186720521541950
0.117222505229278
0.0462857043519769
0.0719292347251022
0.118339191028431
0.0822165833922726
0.0915934777125741
0.0544308165562977
0.0858028861569699
0.0719485366721376
0.159163504285210
0.0476157642857208
0.0935271585206618
0.0695780507830407
0.0719369851168917
0.100004367193641
0.245910332627975
0.201166180758017
0.0675062883055231
0.109676199765702
0.139452189406496
0.0618012362958210
0.190255166335735
0.178323894108946
0.0936713630988638
0.164339479075515
0.0519702883041672
0.0671822765886771
0.129251795938433
0.183913556363659
0.194915529611393
0.164657387329636
0.197104380845004
0.150641851974208
0.105413593312389
0.234147395634752
0.159308481933465
0.0638694165411455
0.273758224568470
0.0505922418259451
0.208436315702752
0.192208345538306
0.208436315702752
0.216236520114516
0.0692010776887759
0.106899054804793
0.0893316299051389
0.167627966136175
0.0815709592184335
0.0844680645678149
0.0275370714740990
0.0693923415026365
0.228421682195920
0.174716626958342
0.228421682195920
0.0908217195597661
0.0984848561291420
0.173682732858551
0.0847166503252904
0.182082180676270
0.0777063351690813
0.0826784067929570
0.116662967231109
0.0945137162987028
0.176226505691303
0.0259663930319497
0.187810221636682
0.221333513158835
0.112375369403290
0.166747364338397
0.125744116777407
0.179807217004449
0.100814476979458
0.133561622078011
0.0868451909926577
0
0
0.101152510197642
0.181574447602621
0.272047911931329
0.121212121212121
0.0662504148699279
0.101327830198837
0.102061840738677
0.0684573082655877
0.0779873731074054
0.171536975938895
0.0693168870537814
0.121484065090127
0.128768010800732
0.0442455373035651
0.0900969406103741
0.134369076926025
0.143664400813192
0.108685512825643
0.251877953109190
0.0912508324585954
0.434942661233538
0.0511721765316013
0.165594821868579
0.0789887528289753
0.0756487889273356
0.0906285951296314
0.109603715737658
0.0960031940394679
0.0283107895564643
0.191657136428986
0.144482749456359
0.165881682760944
0.0679838357297801
0.186149584487535
0.0756487889273356
0.105782167041880
0.131682351577120
0.0695879501529204
0.275171509717359
0.146358722815545
0.192208345538306
0.146595075491415
0.150777896382299
0.173568990608093
0.0793136517021905
0.173180579376173
0.0982620133315510
0.108321196374480
0
0
0.179328943331028
0.104328028056631
0.0862203615064417
0.0769678980341058
0.160693464211197
0.123456790123457
0.140166204986150
0.100388411362963
0.186149584487535
0.105900744668065
0.0193870400125732
0.0970060412317926
0.112535399992980
0.137193581567748
0.115664391476275
0.115881664332358
0.115135917713834
0.100462943993772
0.194123601615760
0.0898676036599992
0.158393129800781
0.0894763428983901
0.143297430802159
0.123367622503451
0.128805233235140
0.105040248593755
0.0399290145596861
0.0951765280514088
0.128668703511777
0.107592659962727
0.108411194032738
0.0962610084153641
0.0895987622916896
0.0871880073612047
0.0774427176594702
0.0104085581811897
0.0766808205736717
0.106136726108725
0.0700895902483749
0.100757802645267
0.0172608444577188
0.0515060077898105
0.0628967484466058
0.0889631915034266
0.133333333333333
0.138888888888889
0.122175092474560
0.136054421768708
0.0639753865713571
0.0506990147783336
0.0862027359110262
0.0976548180110241
0.0590556724031883
0.0470314247576548
0.0716368843030796
0.0554848333135966
0.0886858293734379
0.0499361915222477
0.0497256272162232
0.0443009290437550
0.0631110936868790
0.0293678711749166
0.0501407426200790
0.0730226351532345
0.0375281170048162
0.0730016559615642
0.0415675876906737
0.0616109653031649
0.0682495703868069
0.0607807365680465
0.202573141312767
0.149236705631389
0.223509506152207
0.186993259515456
0.244581219525958
0.193952530248189
0.145015630645532
0.178828972890496
0.142039812609043
0.127179025723310
0.189827901547059
0.133792722086327
0.0790679946862450
0.206540351674869
0.108002588506143
0.170858875921547
0.250978684285032
0.276307055596793
0.132240881130123
0.277017140804113
0.118307097825866
0.191704533619457
0.158728706959989
0.190878293527021
0.228038893697126
0.229910448967976
0.140453994886782
0.224815330676387
0.242279718081604
0.231304267760604
0.253484053301055
0.199342215781925
0.213612232266160
0.289762938028669
0.250095153505575
0.144521619512173
0.118149459288460
0.111162625813345
0.110063621503493
0.0605857647418098
0.119153022311622
0.119510595490776
0.0828743408112155
0.126122284102391
0.0705516638121308
0.0593593129431488
0.0909127328687162
0.0781091969589137
0.0374973797117447
0.134014484301685
0.0752149432125268
0.0725889298761385
0.0196224807578494
0.0309621853209626
0.0614234519946887
0.0481113450488980
0.143818702162415
0.124367179291241
0.0804584982874280
0.0525266044965138
0.121807510794811
0.0441555039767616
0.0928073315144809
0.0817476686645310
0.0812049049029679
0.0852897380472465
0.0346334634882686
0.0788152566072316
0.132234680619824
0.129196383492278
0.116662967231109
0.125930906800110
0.0527088663834349
0.0553467809314978
0.202607319193002
0.116480749870344
0.114092566056383
0.0213081739246749
0.0292494003289840
0.0829984928743691
0.0797501319364361
0.143661550973903
0.0478045776120207
0.142256409385980
0.191645645587085
0.0663969716484586
0.117893007091686
0.124032926347272
0.0467320300366479
0.0896646553965351
0.0212002577997189
0.110152363278325
0.0765183184853574
0.0581841338057192
0.107455174443625
0.136945180928634
0.0762975051354851
0.179807217004449
0.0789887528289753
0.0196444970189761
0.105582070531187
0.0700212662918575
0.0594491168783352
0.132181907519863
0.0614899487583760
0.227607580145303
0.149106249603796
0.0973927150924066
0.0445166400918514
0.0596354502917745
0.0373533261416911
0.0831700287012366
0.0691152568546373
0.0376772888650248
0.109997019727869
0.0655234360234685
0.00535184573072195
0.0686744566849530
0.110724166955879
0.106890882246422
0.0929659246332508
0.00913929794475712
0.0750798798651888
0.117632225013952
0.104667168848786
0.114938864453156
0.0658023174134887
0.105112044251407
0.0996490235628492
0.0333591726792112
0.0299856809493603
0.0590298802021266
0.0171050209084230
0.132518332339528
0.0957577869658809
0.186894320683528
0.141326378001418
0.0782451665222968
0.135092718140220
0.126820319065336
0.0595277232376774
0.0501607764501471
0.0943723787896485
0.149596626183398
0.107338063579812
0.0566505486458456
0.121028231775163
0.0990990355889319
0.0733043219747799
0.0567356149667783
0.115956141943169
0.0841728781728090
0.152024513548577
0.0960676460804802
0.144011323888116
0.126110900520252
0.141611026546021
0.135122638367156
0.0834988371535933
0.0908681927617116
0.0994136146195226
0.184753307138523
0.169156546168418
0.171092627327912
0.157053094702563
0.00740696569958003
0.0514731139401023
0.0443549917472086
0.0384590979795256
0.0879010903447168
0.0887735508717783
0.0126472307023237
0.0459119167539720
0.0877980244944778
0.0616730592514437
0.109458375428346
0.0584091911025974
0.0765390393945357
0.0527780895562750
0.0523839797008119
0.0860678474534865
0.0771048093944419
0.0854286554346997
0.0800818296195175
0.0714772667769862
0.101805647563410
0.114427146781772
0.0655874661630364
0.0400128263238081
0.121803789793645
0.0646095039661827
0.0186673610562141
0.117517053643959
0.0192778147003449
0.0597459018772811
0.0749757497629633
0.0448724783890964
0.0821722738632024
0.0431969649348716
0.0520475896516612
0.0707762370423651
0.0557006720154186
0.0362437083213622
0.114242851294033
0.0681638569207960
0.165179611486264
0.0815474714882299
0.0789674582298039
0.0581336438151862
0.124167058807898
0.0664766927477007
0.0646363492700474
0.0164199960649179
0.0548170717314240
0.0597500226882096
0.0762991583491818
0.0627952711592843
0.0667218643863821
0.0744947701609180
0.137933496790777
0.0564410839389525
0.0877509300351489
0.0408143698960170
0.0837144854477629
0.0644406376242303
0.176065708557710
0.0627023007040673
0.0764940453708441
0.0573792974478179
0.133978644990182
0.297202364707998
0.109081140225206
0.0543055500802659
0.119664098746461
0.0418875592094195
0.0511138966654479
0.131894715717683
0.0952669721380316
0.106008841407334
0.100210910476606
0.110928789795517
0.0300102779185922
0.0958348320881988
0.124386201395083
0.0718631358034387
0.120272312505900
0.0776046827426470
0.118742612714775
0.109938523874297
0.0913199365360696
0.0935739899347972
0.0446275681607177
0.108365772975818
0.0869797880713349
0.141889213800869
0.126435735422927
0.0796881481119964
0.0719459786190506
0.107632698001603
0.100482471924275
0.104887706344781
0.0734645183695890
0.119341182177022
0.105971654058994
0.0389425692190395
0.0392530470210132
0.0555836949047938
0.0590603338362260
0.121779414181671
0.0585119193182129
0.0765343576706920
0.174345846814585
0.141949868764434
0.170212891758967
0.0739117207807895
0.0974816008230284
0.0681241459794989
0.0690147586048023
0.124289245421996
0.144452936557251
0.0607215044989625
0.0555886827670779
0.0430480967586756
0.0621262913359549
0.129215560026511
0.103038498180365
0.0264127891751968
0.0789310268518390
0.146126589312897
0.106252316582418
0.165630120729559
0.0461718291382961
0.0772808795360342
0.0960603919742166
0.148350794387275
0.105405909082828
0.177972822037740
0.142838233949207
0.0282708922303219
0.172815520373789
0.0974239583143923
0.0815087227936005
0.0958281613844976
0.0758446785300503
0.0791811270083713
0.0468677903323346
0.0285458884335990
0.0716737869605209
0.0671555041611345
0.0390576773794935
0.0849628090829102
0.0969244016668694
0.0360444046958455
0.0700683034056624
0.0790232957617956
0.0569367914054149
0.0633447621067842
0.0152453403172770
0.0537723798555642
0.00763886592667804
0.0801564323960500
0.0692874709752630
0.0676501913186188
0.0834278307666971
0.0729841444771041
0.0958903461358895
0.0625988684566462
0.0648472040828274
0.0798205886216347
0.0461624515736829
0.0474226566273392
0.0454287948576847
0.0701046269938059
0.0526375611068738
0.0579553506660702
0.0603339845544953
0.0530002277648176
0.0629463954677984
0.0630286734350237
0.0479613298072516
0.0469643659898598
0.0300561347431434
0.0690066904697839
0.0337821324790625
0.0406209707230521
0.0699786769142748
0.109804983647218
0.0795063710715626
0.0832504832910480
0.213574141224909
0.133188912984511
0.0514846174438035
0.167992641133392
0.0857072381415026
0.165236227169989
0.154591851960578
0.264294175810313
0.0481527045016074
0.0414389042206094
0.0303022376351239
0.0648614956990422
0.249424507337026
0.0347788926584831
0.0268636880843136
0.160368230078238
0.0325556783858590
0.0440136389927387
0.0747839797985705
0.0689982403282614
0.112467173640226
0.0280952229819548
0.0585142449390240
0.171397555528555
0.0126322417622033
0.0102781859391291
0.0388313315075928
0.00785912063700403
0.0282835666599549
0.0906003789610393
0.114639012818686
0.124589510213974
0.117378908702702
0.109382976004830
0.106844278193975
0.0800293550208980
0.198997460657480
0.0804069046792296
0.167593098417344
0.0922969765950305
0.149993994168331
0.113278748483372
0.108729921980120
0.0569018156622926
0.0167018212089126
0.0830543989055155
0.147364044445277
0.117778403519784
0.114356215196072
0.125382193193464
0.104473327080276
0.0787653413564644
0.0836164071294894
0.0944735007682682
0.167600922934592
0.175337107562536
0.185452456517879
0.161525913509594
0.133565095494643
0.199557322379024
0.206156303233010
0.110258862682163
0.165412606763998
0.122887526072688
0.0744422672340462
0.113066171307559
0.0917521116893005
0.147209523376847
0.185047264041905
0.118296639388120
0.150096088007794
0.258087055828135
0.191712918550121
0.0691078884228137
0.177651782115481
0.0742671070505973
0.177429960496962
0.151373480654554
0.181991376323924
0.134985091313898
0.158727025592875
0.110261382909877
0.127047172949409
0.0994168665560132
0.0840871932119560
0.108038866068145
0.0863907440037059
0.0528509666823073
0.0949252594171181
0.0587081155417936
0.0596317181552897
0.0528320039691459
0.0572885987276275
0.0511413838688029
0.0356539408036430
0.136413508195991
0.0538125007064814
0.0604203303252900
0.155079334767961
0.0480093954618432
0.0409306155362301
0.0722489707288847
0.101537090903607
0.0844442357800428
0.0953427854289375
0.0631509016304153
0.0807998245185192
0.108737872702379
0.170631698425136
0.0974418549886865
0.100578036830290
0.0955256636576536
0.147844440511321
0.0908807769934238
0.0494596788333390
0.0607985152966174
0.100322444694662
0.133003585228239
0.105098358725997
0.257538649492661
0.116348409886729
0.190820585695979
0.0550217248977206
0.0826348107104180
0.0924820006724319
0.123017122566891
0.0644366531893151
0.0206112537463799
0.134165308657686
0.158227593168969
0.0875797296893121
0.163869677189084
0.278914632977366
0.159568412239344
0.134905734163973
0.100753097058868
0.0313976867493127
0.0466901793241416
0.106666546160709
0.130501718604435
0.103638409120874
0.164114101499562
0.0933716961553933
0.118662006605727
0.133118867283156
0.109681201070053
0.0630304631516133
0.0688623854253792
0.183839300800693
0.199458206151889
0.0522064230816953
0.0777007988872451
0.0912699324165085
0.0828033991505629
0.0823247618649636
0.0346334610750550
0.123513864139017
0.0904634099979718
0.177828924261683
0.0913587946670433
0.0447668625711935
0.0368178829717291
0.0568629421897201
0.0525456387451099
0.0334676596229374
0.0632967405594238
0.0354740513078521
0.0734408767365232
0.111215580181228
0.0619536880192045
0.0734650660134502
0.0463573519822649
0.0442455373035651
0.0552583577428161
0.0290126576003272
0.127766803505934
0.0354280895574731
0.0121701222840707
0.103150091221458
0.0678502193653709
0.0678502193653709
0.181191979547724
0.268775578677182
0.174914000904690
0.0827283067826527
0.187948719372969
0.136063307094675
0.108832911170606
0.105760719144188
0.115945290775190
0.0673473696807153
0.0529273252469807
0.0695557866446207
0.0692858624957998
0.0472120171790183
0.0504370350653248
0.0870264948689010
0.156900792628132
0.161286772407891
0.150373351823323
0.164408159465373
0.0965193483047362
0.0926501654444968
0.113251400504169
0.0973962264426206
0.0729608906756971
0.160883370419838
0.165222155053300
0.199995242367971
0.0775221340903518
0.183814671998555
0.105616195344365
0.104623824533533
0.152832359218799
0.199283964339787
0.131532921845687
0.102220396226416
0.0926932062644645
0.134633967324851
0.120241213980369
0.112881787641538
0.187351667542114
0.137929811909059
0.155435065214030
0.143180088905107
0.111067486032171
0.191567213224042
0.114058371717369
0.0877230330796174
0.146691911030274
0.0811997155952960
0.0946824749767473
0.0716298913896410
0.109802103276422
0.0622331566752611
0.0646775803515237
0.138303171772316
0.0259279873816157
0.0839815686536403
0.107036576857866
0.0734011323277597
0.0702182020801614
0.0592312421202299
0.0846586867875666
0.0587301256106298
0.0903568773199990
0.0323071091573927
0.0478331432126141
0.0546774818682003
0.100670657528457
0.0659622131856269
0.0743791441030549
0.114795918367347
0.0760721591084299
0.0464172519141051
0.0902643920886824
0.0845421444449088
0.0514155625695857
0.201749650869285
0.0817626377400561
0.0734410217881292
0.0606894070499668
0.0372126258725276
0.0970556973873043
0.0714080972126864
0.0985589661696629
0.0839534071519916
0.111197953384378
0.112438018293108
0.228985196770163
0.0798427422695827
0.0877267348066423
0.116945847748830
0.0993649557865515
0.107656997504417
0.0751403570201197
0.0419015711411636
0.0429759743667989
0.0519100823454944
0.0463352991778436
0.0712528144035326
0.0385428380689764
0.0579088366155482
0.0620889991452770
0.0935489348340489
0.0466527334708561
0.0587487140440857
0.0121381239061124
0.0977059483227487
0.0594899878801975
0.264363283211706
0.0819622686474426
0.0546502258108040
0.0222016928737649
0.0691147085825060
0.0393018889983128
0.0707580701493581
0.0984812942451580
0.0820556282416992
0.0978688694448229
0.0889823949606911
0.0602224600938537
0.121701370650495
0.0956508592425520
0.0717426779406571
0.0771202887917587
0.109442897327047
0.0804107847427343
0.0628474498539872
0.0343737617728837
0.0685354039455422
0.0835562713095478
0.157608573944419
0.0696383395999835
0.0685945671766289
0.0523830543304594
0.0667233945181921
0.0679124245016065
0.0151895923214467
0.170746962592659
0.148706108747201
0.0921636270780085
0.141406080249335
0.0883200209625753
0.0675796608028804
0.148995127685016
0.150307354633260
0.110001573106794
0.145490312332142
0.0922540836253068
0.199270334217251
0.105656794062139
0.164917699145435
0.174658490271358
0.0935971116368076
0.0848969485391936
0.0705640513087387
0.0889045113530902
0.103020950296016
0.174018383971193
0.0735574674010021
0.0447707447219152
0.102469662649626
0.0479493173927852
0.0564661960697181
0.184029478340267
0.0774837330868516
0.0420248795404144
0.0693137716779238
0.0992886271296825
0.0835576934857110
0.0347964517471454
0.0698698631116375
0.0697930986045557
0.0630135586571409
0.0737962623924827
0.0729333450724666
0.139259297525345
0.0835247604620415
0.270451982433284
0.0693168870537814
0.0623043291583752
0.0528067963077938
0.0484075408122542
0.102807597087525
0.0698119497888672
0.121982816410917
0.174018383971193
0.0612626491352422
0.0493237975071135
0.0818423282225552
0.0755418654506551
0.0481052167187717
0.225434382404954
0.0955315701835622
0.0567641341596547
0.0668174208059567
0.0677277054272740
0.0811146578317955
0.0449904843264822
0.0623491392994492
0.0296894872267377
0.0667626462339158
0.194373368636287
0.0521021166278720
0.0205477459261560
0.0693938690650144
0.0453400780125290
0.0766664008198527
0.0598157370913712
0.0959596301112203
0.103724333724464
0.0479122234302692
0.0603423473327765
0.0807939900651759
0.101221906939576
0.109737455780646
0.0708360859737856
0.0408226992132945
0.0822051533679959
0.119254621676101
0.179807217004449
0.0981244124650411
0.0743025697648378
0.0680574102547148
0.0714155353280295
0.0791159743948568
0.179807217004449
0.0955685934140753
0.0775530120244085
0.252675300937369
0.0836481106162952
0.0417916993091091
0.0451308062243942
0.124964638097854
0.145076209714751
0.0697553099801472
0.0424255213467440
0.0682257777593465
0.230297700644027
0.118636192998523
0.0931802499510373
0.0631577659058608
0.0886550365298525
0.0850889963024858
0.0784791233507569
0.0547259924771233
0.0527868910035954
0.0767003490629447
0.0416792282235799
0.0693049521876080
0.109921608896875
0.0879930700827311
0.222351797862002
0.114379099854227
0.107990765008240
0.0711144340270318
0.148314636521402
0.123718995210447
0.116826685515028
0.0470802541300773
0.116971058733536
0.156844526867224
0.0886522497369550
0.100606580709742
0.131980062957476
0.140181246522265
0.0733418950729069
0.164495326650607
0.0834675261530945
0.134506312997981
0.136373904298509
0.148408501646989
0.0632129649277164
0.138080354910646
0
0.156678763447145
0.0289648103774694
0.136020802145262
0.199178237796019
0.0633179273123000
0.0750757547775916
0.0707907648429232
0.0851150657524751
0.0332903810168867
0.0377955560522472
0.0575909260385275
0.0455734535659224
0.0292743476094289
0.0165470727466401
0.0570808085271834
0.128382239395612
0.0336808793023854
0.142824441097603
0.138960968861201
0.0302812405781991
0.0255922328171950
0.104810532773779
0.173692096051856
0.0987559114987926
0.101606242152242
0.0714790662677924
0.0598125781453042
0.117815353908667
0.197289395432472
0.225694633868482
0.177322630987140
0.124546458036259
0.0499951366136774
0.0590676778980922
0.146541890260455
0.0301153351988187
0.144032921810700
0.0982615268329554
0.103225191540432
0.0725135498567820
0.0761773913243516
0.0981338545132622
0.0660819382313982
0.0597207595575506
0.0984050478184128
0.120864127327596
0.166673217305461
0.155985746051435
0.0919820284751142
0.0729784977182861
0.0470321142717243
0.109043563948818
0.0314252695823954
0.0403070011926990
0.0938414548797940
0.0688591424387141
0.100727665166940
0.0760326324307606
0.0781624620058051
0.0989802666727844
0.136054421768708
0.106802288620470
0.0964392343639620
0.106107302940827
0.110857390601634
0.0911042573744446
0.136054421768708
0.0877122206774575
0.0756233083940965
0.0940342476495515
0.0825498018806522
0.0659566382506619
0.232484570852841
0.0740760795915602
0.196595965188813
0.223074144338155
0.102225814300848
0.226030063006507
0.102079616589472
0.141209499348684
0.243883253162140
0.0759530074458469
0.191743229219200
0.227244631085734
0.0816293093012509
0.104533394269018
0.250842226839097
0.113996868684428
0.204982155422519
0.0731802857320796
0.0250079199695925
0.262754596826853
0.0755629560536077
0.255397784555379
0.0830733159208226
0.0868199977289475
0.217562331912809
0.0767430379986115
0.137634091798496
0.0872186897121170
0.103453637458185
0.164523673919074
0.0411072882470674
0.0475574938795038
0.255224828964317
0.0720146382052026
0.0531952008485766
0.251360785921924
0.202572997576232
0.0529402666316996
0.212357383987799
0.0804949005125430
0.199020456932036
0.266467514864744
0.142745684843633
0.179807217004449
0.120402679998640
0.0885018932739256
0.251822373670880
0.0582490879007856
0.0866542060806362
0.115129340257194
0.100714494581667
0.118883791039963
0.134552106255013
0.101974677195414
0.100230616766808
0.165590703573632
0.0916456387903392
0.172939051486128
0.0934909697812176
0.129528066038190
0.100058651369850
0.118350426081659
0.0568846731243019
0.168042149903410
0.152430318419901
0.155556544845132
0.173747304902014
0.143045827940724
0.122175092474560
0.119308043577496
0.139047775187927
0.0931384958695885
0.0739666799060330
0.0848544574659846
0.142241977372102
0.135039500303760
0.0411138034708461
0.133437883516569
0.149404218212323
0.108499314217980
0.0972739839028394
0.0333230634399596
0.118138317845101
0.109294693159489
0.0345925526448080
0.0958934767950349
0.100904061066044
0.0999705429884332
0.157680943225355
0.136078187263218
0.0840244064430233
0.0136312135243070
0.117969700744035
0.117091800434220
0.0670081484513509
0.0460693086113575
0.0260105785792682
0.101116479992684
0.0940397567809663
0.0604679680301875
0.0828812147740982
0.0216254891296605
0.0430087850286661
0.0317843436767034
0.0177052650026838
0.118724762476275
0.0249417992531639
0.0239539304877147
0.0827630721947798
0.0940589600956734
0.237300370092445
0.0567716448534043
0.116762284362729
0.0779324767886600
0.0843812308115006
0.0592961839345910
0.0818534579103747
0.0359111785988515
0.0416355419104364
0.0570171376084301
0.107843250796903
0.0611459823518002
0.185529150656540
0.0828731380217213
0.0733402607815735
0.120050819277482
0.0899300504211048
0.127876088364705
0.148173724070587
0.215595959595960
0.0848267339893226
0.172877861208764
0.0628198488345808
0.150035613172180
0.215595959595960
0.116312294659560
0.0615230143411584
0.114629590071580
0.0513951508814378
0.0714201194655784
0.105450716483117
0.0497873445936627
0.0459293625921581
0.0568259455785431
0.0406044318706791
0.0578812544815658
0.0492230890094321
0.137139446596395
0.136230259455356
0.0832056736299986
0.0984062532654887
0.0773352806173921
0.101676287919099
0.116762211686364
0.0794294536938293
0.0876805438137136
0.0673502546672645
0.0475867900985353
0.166013417553014
0.0803559612715763
0.131661072817185
0.0579570016411566
0.0604244285195364
0.0620704262377650
0.136054421768708
0.0483132951486402
0.0516256598219055
0.0464080024661051
0.0537886419183322
0.0412614720041293
0.0734056421254265
0.0512964774461014
0.0476178654825852
0.136054421768708
0.0613378099173554
0.0609407771306892
0.0700020155998824
0.0420433447301530
0.0336841820346548
0.0595168378461643
0.0669957563003033
0.0762897094631892
0.136054421768708
0.0567908653846154
0.0256128097986706
0.0347208991513503
0.0356768605492667
0.0773308401931224
0.0516098744068736
0.0680173120291187
0.136054421768708
0.0392470467593606
0.0465715964685868
0.202475206832677
0.244292160964988
0.180114719149070
0.154074230904235
0.168555543773250
0.158710407227205
0.201051540404078
0.220985125750706
0.154722181350763
0.208366982627863
0.105533618501161
0.0764295577460161
0.187869027931594
0.232515971288016
0.193943153015829
0.140116842484393
0.126689358988523
0.195869799711146
0.204799067379200
0.173170097404258
0.163456041846443
0.167756503779193
0.158731666009256
0.152872457520303
0.112805173942677
0.221787369506527
0.236117684926012
0.137986921669102
0.366098619517877
0.220738580222852
0.441596130494939
0.125758105251975
0.172074802779607
0.0416759478345458
0.0997110395895761
0.133358801845293
0.156195592520402
0.0451780539955907
0.110453961911448
0.165799177882096
0.162587669543693
0.173494369498501
0.187023127506250
0.141323680146752
0.134901359115539
0.220954488352742
0.133227186332210
0.119660381418199
0.176146895798636
0.190769160983697
0.137810060301153
0.133234223463982
0.167280199438757
0.107571811785160
0.137157356396773
0.165180047860875
0
0.108487413153244
0.0791862409880155
0.138214910435906
0.0649315090112521
0.0375019555239326
0.0710198565156135
0.0295897036177044
0.0634034319115746
0.0723112932298030
0.0957146287934618
0.0472618312740370
0.0897168375016189
0.0578472117909866
0.0239146605226472
0.0769898990763841
0.117855836690168
0.0670493827678769
0.0839394792935191
0.0889186239186242
0.0215326234709685
0.167051073041469
0.0802999901963620
0.0742270122119544
0.0990817500310439
0.0732568608212367
0.0143175813359339
0.0825138978105962
0.115278204415518
0.179807217004449
0.104305002667542
0.0553763582160732
0.121580874753496
0.186149584487535
0.104305002667542
0.137204419277314
0.0627818615986153
0.0815681247663301
0.0769247639805123
0.0701234378978797
0.0273078411537747
0.0764251483227546
0.0754354616950942
0.0807794254536363
0.0895682479221584
0.0815681247663301
0.0514736196284548
0.0955075444750803
0.0611454697540844
0.151013138989847
0.140896784255939
0.0909722966699067
0.0827947700339701
0.0738104345287443
0.0714201120314654
0.0444867584882206
0.0482505117789457
0.0596305067590411
0.0842907874427514
0.0610301825136801
0.0503425589224011
0.0546250581520932
0.0697087014477301
0.0604898153114344
0.117529223924637
0.0612980535417281
0.0789925319534676
0.114490465520969
0.136054421768708
0.117844503585503
0.0907309883846387
0.107723728714383
0.105796052802966
0.0862955481515842
0.0310864312561959
0.119483982066253
0.0534544600079527
0.120515227511163
0.0622748769321189
0.0615384731165153
0.138888888888889
0.114186851211073
0.0829980278710437
0.115129907801882
0.0321926193940539
0.0569746423943749
0.0829980278710437
0.0938497938614532
0.0317205544164100
0.0141406260135773
0.110737888004831
0.0533649413561748
0.106693287189029
0.130350264988582
0.0818235349633580
0.0980285184112844
0.102427644603368
0.130231191721545
0.123091980753323
0.0817355416290629
0.0996820639057683
0.0656044184539632
0.0650414124118446
0.0185406535259829
0.0667000813275540
0.134422419299409
0.110212806687620
0.0319090255609511
0.0842494316269411
0.0853450457098604
0.0678697529501150
0.0703680365738364
0.0784766474393995
0.0458710033374376
0.0822499276138395
0.0585922536680394
0.0938414548797940
0.0879825440902829
0.0650736713329760
0.0231494901612725
0.0845114834527823
0.0702668768506055
0.120865094166706
0.103913753983544
0.0943093334980496
0.0549269556655751
0.0770094089725818
0.0353933217255177
0.0720808553550248
0.115758163382099
0.0530496719712624
0.0415675768269867
0.0792481952843465
0.0881627619910612
0.109838066624253
0.0747200025256156
0.0508233314068684
0.0649185273872714
0.122200415892778
0.0222729536654699
0.0685667458004296
0.0440279446036268
0.0755635555630270
0.0776908336840383
0.0405386970952568
0.0908049295706211
0.0548726378486255
0.0746214389017342
0.0608377836707332
0.0231263369245129
0.0727246681286729
0.0501125463466789
0.0636959716541341
0.0456868270273912
0.124790744353071
0.0214087532753269
0.112212985554940
0.0612005443328579
0.214478879582156
0.145909037437180
0.111933604678616
0.143218342549001
0.158458114150842
0.150163725129722
0.0803369963087109
0.152117928851245
0.150290633419052
0.158193138881543
0.0691130024386894
0.143788680362634
0.134421308377620
0.181350605590854
0.0828371693637865
0.0177971610739249
0.147994397250454
0.170988885722428
0.133537777797147
0.0682297347560287
0.0660487271328479
0.0516943462252054
0.0571383993649698
0.0478183385944371
0.0330280227137599
0.0550431486283825
0.0513060725415951
0.0624583469840800
0.246943062562807
0.106867094739355
0.105785918150354
0.0847233214582372
0.0997017797022421
0.120733456771014
0.0593548719923913
0.0583526631332700
0.0547642706119506
0.132612359694951
0.203289367727687
0.365767310469651
0.276914630608334
0.388359987817262
0.324854146737555
0.342673086863977
0.304787908192775
0.188747527101252
0.0656347144536044
0.211838449340452
0.178199019940025
0.178347512585401
0.0612844868556920
0.0213285287702030
0.106942538126817
0.153241935685045
0.130295768286097
0.0796763014289568
0.0864811982065577
0.0137862501216146
0.174655070319162
0.142360920316537
0.138842637866574
0.107316972583192
0.0889257588707362
0.105774636383754
0.0972941304219486
0.107411522016683
0.282574870087578
0.0588084707067381
0.0822190816194095
0.113587858158647
0.0832810892624383
0.0824068980007993
0.0925900045537980
0.0856663084949385
0.0751618892073428
0.0401884161862528
0.0198444522803121
0.0934195462038319
0.0761494574925972
0.0821501920010851
0.0264772145082581
0.0543331136889773
0.0136706158477521
0.0165970041003649
0.0935669808464302
0.112087085695533
0.0768006297728107
0.0924814111630377
0.0409742398203793
0.0757462299554262
0.100870057475665
0.0634245650263299
0.0525913478480449
0.0640220687113626
0.0977705730588290
0.0523502031830019
0.123090069822428
0.103165904268571
0.0807068417675288
0.0616260034505872
0.0570136281065400
0.142084585366307
0.0552937186843148
0.0452973154139515
0.122098233620307
0.0587529935804809
0.0638934445084048
0.0608729039580567
0.0488504513046296
0.150000000000000
0.0764887998543070
0.0243217289881385
0.0638323277741456
0.0758409455608491
0.101177075415592
0.0786777873664181
0.0527926471111396
0.0723472715130628
0.0533335607186535
0.0629352781975136
0.0322403198763032
0.0655218957152736
0.0698218142165737
0.00968474163663350
0.0814127801439020
0.0705454319585769
0.108119416538910
0.136054421768708
0.0666477272727273
0.114741739976495
0.0757279692895353
0.150000000000000
0.0764887998543070
0.0510048788840959
0.0111055463976706
0.0660616609164085
0.0284707586351488
0.108281829904620
0.140166204986150
0.100420918526660
0.0989100554175683
0.0229195644066409
0.0629862947987074
0.0521869083178827
0.0384128933506796
0.0531339023661482
0.0580849502155491
0.0717946974109313
0.0587200963764162
0.108252259628029
0.153798247740734
0.102977718291953
0.0966543042762749
0.0765310753034933
0.0238724809745891
0.0304215207693235
0.110058605693066
0.0527338733998659
0.0726885555919324
0.0496650201877610
0.0949159056527418
0.0442455373035651
0.0595489123572695
0.0837243472961327
0.0570108966853906
0.0672209460028262
0.116980975502737
0.157533337471499
0.0923600716795004
0.0943872512332313
0.237255135124303
0.0163402209881237
0.126909846590348
0.116954671458347
0.0711385823261864
0.0248072205852517
0.108145458657642
0.0872747082581457
0.0631502883973475
0.0253976692836556
0.0606243430989165
0.0502997848863907
0.0512903422430683
0.111979519789935
0.0810303627964490
0.0529506771396089
0.0526459613656893
0.0514403292181070
0.0494260204081632
0.139839520506985
0.0514403292181070
0.104492906239889
0.0527858152831289
0.0459279532201165
0.0977972003492046
0.0670306293796630
0.0835257391352097
0.0442455373035651
0.0536129988007619
0.0787136582124941
0.128906250000000
0.0536129988007619
0.0632054602301665
0.199421288631748
0.0599314482755624
0.0394578712024558
0.0447261388005111
0.0534834449905249
0.0866464758319367
0.0538849807143153
0.0467064175661907
0.0928808246600090
0.111167229416927
0.0964559480982212
0.0670409953017155
0.0627701856940326
0.104175429946454
0.0835942978146836
0.0869418353275146
0.0763865299855534
0.111928112231512
0.104593498512627
0.127550396837596
0.0669202319251213
0.103911828114705
0.144324616799982
0.0903890898622462
0.0997948809869936
0.0785670366766347
0.100630874811970
0.103795107187550
0.0992513246060144
0.0910056815213737
0.0821125417295910
0.123268438822232
0.175902394954908
0.0987423836926527
0.134156016172859
0.187787219598622
0.0923381216995726
0.0803694385525672
0.212082334995856
0.153183537601690
0.126645399567819
0.166734992307640
0
0.150948587357795
0.290080699870956
0
0.169793243025674
0
0.0678502193653709
0.131393879813361
0
0.0807675745512355
0.307753204485953
0
0.296096241800387
0.108456091463265
0.0713738846851044
0.0519362391911552
0.352852639395809
0.0378797503275375
0.0790765980812451
0.235120386654807
0.122815278862369
0.0469567373243843
0.220196064845659
0.0711965693398768
0.0678502193653709
0.0876559240760921
0.213690431835518
0.0683113699047856
0.207168011637755
0.0932838662117395
0.105766809367917
0.144032921810700
0.231988786681870
0.105766809367917
0.144032921810700
0.0441558727501153
0.120856458515452
0.196509378233782
0.256903415779259
0.0292649523930256
0.195983450346962
0.0292649523930256
0.0352210170927286
0.201819482662457
0.198369011494909
0.285614063844875
0.0994058066076912
0.0928872653339517
0.0752302015079024
0.182482982282476
0.0519522867149782
0.100730669333077
0.117966868025527
0.0673323777997362
0.104224490803093
0.0795078202793278
0.130031891971194
0.0807039970836646
0.249731337459272
0.136286416232071
0.0390561062007379
0.0917481994010059
0.0608853875824325
0.0478132374691454
0.0622045326530090
0.171068382453304
0.0595042907593189
0.0859076813421599
0.130402234712895
0.0935799580325564
0.0952067940938651
0.249780883956734
0.0961611160114022
0.122908629343355
0.0696712287509376
0.163496655899901
0.110866132873231
0.110242487752398
0.0780818601656510
0.122531817415071
0.108833258658578
0.0855182138698607
0.128160236533006
0.0448645125857221
0.0675264938227118
0.0784113452173625
0.0317056614662661
0.106644193039634
0.0451137812712323
0.0523069662042716
0.0519713825242933
0.111864502201381
0.101465453445255
0.275042055921566
0.0923987691044793
0.113205292489783
0.0580533167513793
0.0794131361531926
0.0573016948654364
0.0608756581930014
0.0844422088599529
0.259737021081475
0.100372455111596
0.0273881443333806
0.0881420534373265
0.131477253629173
0.104054738191722
0.0838855965009085
0.152218381019375
0.0633336571292521
0.137737772683181
0.0457176250069899
0.0620818098194776
0.0640405540086750
0.138148283418554
0.0662548148333393
0.0902865134786201
0.109249743026905
0.0754223821409860
0.0710796354663654
0.134439750949391
0.128778214915734
0.0986152050613725
0.0792698379276358
0.0979631272023982
0.0991275333626827
0.0309463039879490
0.0980644279118190
0.0994965303726642
0.101489790038663
0.115937860657627
0.0979223983833348
0.0620414357801337
0.117714230732365
0.166472511104537
0.0430113740309508
0.0864354144619141
0.108507488351380
0.0968070463407486
0.0812096416021218
0.0247293206976847
0.0506969472832236
0.0861921893208984
0.101884916815161
0.0595812021746161
0.131853178258221
0.0929920306978690
0.0863161027507831
0.137401830380263
0.0497216422667698
0.0593440864438366
0.111304425686312
0.0994753807041340
0.0765101374034496
0.0863682377837761
0.111094890031367
0.132241488606287
0.0567623615326474
0.150147776663204
0.102292421454497
0.105695062749210
0.0954938593264254
0.0993812775806443
0.113119765494236
0.115175284929360
0.0904368710136842
0.126933833146641
0.0850586698249756
0.0640834586574290
0.0605778192543490
0.556870083657326
0.0540490753569654
0.0804036458333333
0.0747933407354975
0.0794649791018081
0.125110555526063
0.0762998512366770
0.0831754949467532
0.816494558753442
0.0847058823529412
0.0559786219139003
0.0528110587940241
0.0981269482951381
0.0479377426834359
0.0161426617341745
0.0835664604764597
0.0663691358277968
0.120167523264526
0.122048756634190
0.0906206175481568
0.0358034348308355
0.0282580374210397
0.0662995869697909
0.103141422784596
0.0430208515581123
0.0704474878988615
0.0611163685732886
0.0589118010957848
0.0456557515164113
0.0379098767582905
0.0881123098364448
0.0268082464850983
0.0879014589891205
0.0347335217569798
0.0494820815819879
0.0768739134877356
0.0334634467832385
0.0424584279784154
0.0689838868881840
0.0267797366025468
0.0667925755964504
0.0645208619201491
0.193914835534874
0.0892854463705868
0.129936106223414
0.166723422222401
0.141772040211901
0.163721590706282
0.131890175819855
0.156399927251381
0.137277803376045
0.133924902437421
0.0597477730316410
0.0705324994685461
0.0675895152939240
0.00635948938114042
0.0663615428762117
0.0820392222774764
0.136149220459131
0.0626058659404773
0.0827284132304985
0.0566303407337257
0.0662361653470172
0.0614417683187095
0.0657004944922549
0.0420320252112697
0.162746620036405
0.0909854998836859
0.0712579710437025
0.0124754647535298
0.0885260802772299
0.0694545333512420
0.0663822407891517
0.200718545074566
0.0888863172059867
0.0684393447993393
0.112851208889010
0.0688333142269250
0.0956045348488741
0.0919486991989058
0.0247297105538619
0.146454122653373
0.0919068235059445
0.0681997086921194
0.0917766646884463
0.141222473025656
0.0905259743134481
0.0791625528615947
0.0548939578593992
0.0644968955191483
0.141766468331713
0.136626295409408
0.0538425361743942
0.0611867876955828
0.134451272130089
0.129458993782869
0.126438855879227
0.0931214110992543
0.0120672139652913
0.134347563130013
0.0969936320809712
0.130155482411838
0.127689462721948
0.125408749633126
0.147263484073448
0.127882016799559
0.121205388214317
0.109706831500915
0.148705812512632
0.123408792898332
0.104667881920816
0.0719793244801990
0.146197496024594
0.145198661635101
0.128255358959869
0.130338692992001
0.158399060919495
0.100679935009412
0.162522220106469
0.116136677667923
0.126775393192344
0.139483659756168
0.0967326329939116
0.0549833909189290
0.0531063933136912
0.0594134671198222
0.0664674090773910
0.0443207550689001
0.0649895504660091
0.0482327853288044
0.0639594669352147
0.0498920982718879
0.0597328344780260
0.0619401393441705
0.0500907121639910
0.0622738344667996
0.0844305929065721
0.0528987636684383
0.0444121778865033
0.0650102906304206
0.0558704052350313
0.0436625539917922
0.0824506543675379
0.0273867187974313
0.0482738547927786
0.0213424518516194
0.0709012518269216
0.0795152630642988
0.0668824097390599
0.0643640237979760
0.0190481376128038
0.0924216407484389
0.180338956898330
0.0631984251949182
0.0515029982414110
0.0471982269869894
0.0650683819418887
0.108640821665678
0.160149866992589
0.127296607387586
0.105326353888147
0.141062484990057
0.116276398256689
0.243776301158339
0.166599236333010
0.0727429041372107
0.0956961679963626
0.140575023136691
0.156153453752404
0.102706946389749
0.0992645728732002
0.133788018274454
0.0694717917332864
0.0748299333502937
0.0927055603887652
0.173091066536501
0.0664402804118464
0.0635283218825719
0.117952672858416
0.0586811831598861
0.0749445046146997
0.0836219546395958
0.0287790436887826
0.0268672728491506
0.0438648041809548
0.0356652376540620
0.102959087928962
0.0576936563920604
0.113159039607846
0.121100886719420
0.0435913300065989
0.0306610233594061
0.0832843412521666
0.280036729474413
0.209667703541416
0.112522674730875
0.159882347635565
0.157856399431552
0.133729172678984
0.192908026433372
0.121843536228648
0.135963278375434
0.174750585121612
0.131679785068698
0.196242933477136
0.160907344135593
0.175429344312774
0.136266002335997
0.189309926831778
0.186033133254957
0.144526610071036
0.106431870675950
0.133610562931849
0.140826492606243
0.215108183483231
0.155178643449522
0.198269391240088
0.279157751623407
0.174455126177807
0.0859545910454304
0.162564351012965
0.249852890806900
0.116902336054809
0.176877071775938
0.0897717177287995
0.165394986391595
0.123534215885912
0.139479389372778
0.193403040650278
0.140581288526022
0.146270127754487
0.162096575235798
0.201589502704953
0.180801401830762
0.146688772854449
0.142550778559729
0.213470938276265
0.170170073629705
0.0662678830004846
0.0491465631809163
0.0731467064163223
0.0688862294717841
0.0612354152406832
0.0349080553029015
0.0597107210525383
0.0693812466128434
0.0590180046592567
0.0698480144499513
0.136054421768708
0.0494260204081632
0.0344890409455419
0.0492625744322201
0.0878923725010978
0.0372662742382271
0.0586198347107439
0.0342948225440373
0.0448915099955333
0.110899891760959
0.0725975349572480
0.0339308504397572
0.0537940837224966
0.0363688843989031
0.0343893350588999
0.0733657087857054
0.0637540117834171
0.0707497949977727
0.0715922552334791
0.0161981014756575
0.0270798717461381
0.0785075700693145
0.0395203347896652
0.0760432615189269
0.0725340051458677
0.128906250000000
0.0478692800429596
0.0554196374081019
0.0532991974062037
0.0637888701653857
0.0563810834074739
0.0558469225978143
0.0464489871892667
0.0701660914220159
0.0507408163252094
0.0966537770186854
0.133219438650381
0.110313075634936
0.158920367592394
0.165224951893603
0.116091748510938
0.191610528334367
0.0726399679364832
0.0853168489903428
0.127082632910613
0.131496453948791
0.186963877708811
0.169124833845882
0.0831160777771702
0.0978252126049162
0.214301844567132
0.0145515614207850
0.0828124630192595
0.182551810261537
0.206600581838711
0.128589274746027
0.113462974398852
0.142048661281522
0.127665664281812
0.0901515485999237
0.0843526966805072
0.0946946059781500
0.0127786874062847
0.195737943706502
0
0
0.0281692344744163
0.0763730193063044
0.116237215218859
0.0437975438643256
0.0934508236428319
0.0838582418878977
0.148019988651563
0.0135806499114990
0.0759854663084409
0.0995166230863916
0.138888888888889
0.0916097135378799
0.0722231249929034
0.134840987576165
0.169984519712978
0.149765635720046
0.136336545615212
0
0.0982615268329554
0.0448150650023167
0.0773352806173921
0.144046292604970
0.110116987793098
0.183798169243834
0.124633843327412
0.119235743375861
0.110899401024767
0.123656976038180
0.100713778247919
0.0893658855566162
0.118273825834096
0.0937914918437348
0.126433676960152
0.157776428159025
0.0716257083746114
0.0200742493610245
0.0866913281934554
0.0560781410732164
0.0847646592847980
0.163028386545648
0.0890546812080786
0.0759532244194353
0.0674438389417191
0.0377614419414489
0.0489108862599302
0.0808982660875605
0.0852245108720655
0.169393073665476
0.0232942277098737
0.127556738830351
0.0864369378237013
0.141115495029279
0.0172928302700798
0.176688970236260
0.0816275768329276
0.0187291454796746
0.107197268954171
0.122417385353241
0.182444729686976
0.127241003529432
0.205208551658479
0.100609477653283
0.0692565648746340
0.0901769586408837
0.0498992905156954
0.0152211593779552
0.0764859714884840
0.0697060114514500
0.0179350331954050
0.0867492949497836
0.0307557248810178
0.0386746948951877
0.0745919026182115
0.0873425510128554
0.162735042735043
0.107250194630022
0.0853167958656331
0.0402774188574346
0.0961422436376125
0.119270995239490
0.0714247837431197
0.0483934116605679
0.0692852828702186
0.0566542514842377
0.0433563411180496
0.0992331101853262
0.0919061196764340
0.0752110597189409
0.100960406209660
0.0482748710305301
0.106623607433017
0.0529865400357276
0.222968751496923
0.129170989569466
0.167079184061733
0.0117485694983236
0.126998954516794
0.128810474368780
0.151079239767965
0.127325383128548
0.119091750157577
0.0960176516643932
0.0714490656315427
0.0870569648127391
0.0962959239133621
0.0486130201811828
0.0828843079265930
0.0315160914718851
0.0933953730285845
0.0850428888651511
0.0603177566552765
0.0925233049798810
0.101394477647233
0.0816469963772379
0.0934232742233805
0.0624262378638790
0.0309801283030076
0.0939206379895534
0.101974172499661
0.106529622698073
0.0880993005713218
0.0102494351725716
0.0651812077164301
0.0646738164311962
0.106130908028065
0.0858004927780982
0.0846201003561452
0.144399579066765
0.118627762040785
0.0762071459788369
0.0944622163676568
0.0678312295138546
0.0626456771487097
0.123091980753323
0.0616197651652628
0.0967709329634811
0.135163917419908
0.0720216400867683
0.130185179218212
0.242555819990831
0.0728976571907668
0.0559425577189271
0.0554762470924773
0.187084867994103
0.0927165519711906
0.0110280834298498
0.180751350048186
0.0846218663222908
0.0554637971822590
0.0786484557798149
0.127523706113834
0.197284551824339
0.0545483531273054
0.0554637971822590
0.0342472809940465
0.0703415760594296
0.0606164685516824
0.0563681577531755
0.0638304838006638
0.0677133529560570
0.0608496031217922
0.0685048114424012
0.0436756677794222
0.0936676642960201
0.0632812426218223
0.137762869664232
0.143828879528317
0.0565031698079190
0.147070617538074
0.226926210955183
0.113134689776683
0.0464509709204868
0.0899678496230172
0.0482733289859906
0.0738221647697651
0.0521945625139110
0.0829446899757232
0.121183643538265
0.157516327337651
0.137573751872563
0.0680764233127848
0.0264249914825815
0.0517299682328198
0.101328494994565
0.142763029074820
0.226926210955183
0.106209998310255
0.0830262621440443
0.0172948895561473
0.0890655667193804
0.0559586347139995
0.0612369315514568
0.123896012165062
0.230297700644027
0.116470582536969
0.136064009551045
0.154241652000802
0.0613503780668944
0.0571081218007350
0.0400923997126941
0.0767597459383712
0.0328260516353310
0.0791978336039348
0.0372294997877970
0.0909145805159431
0.0523363987545631
0.0878836007813498
0.0701747642872958
0.0929455401970133
0.0346862219497506
0.0531229677205220
0.0519375401982086
0.102416426025859
0.126517395837363
0.0793912778049496
0.0495811440322372
0.0877314976681146
0.0322286383946833
0.0408168949523787
0.0482559787888820
0.129871611833638
0.107478194578315
0.156139017451867
0.105210763682836
0.0727974539359804
0.126525571789258
0.0499546111206819
0.145959578354434
0.0159192986395393
0.110281083213350
0.110685823707505
0.0424697168588520
0.0918552505766130
0.0861364054132461
0.0285477676309607
0.0921691823852857
0.0861364054132461
0.0737621565382138
0.101490903243053
0.0732289726254459
0.103457837942240
0.0698695562682246
0.0726651132370705
0.0885969935679899
0.0774160868128919
0.0918720102456902
0.0944432762527056
0.0520069174737838
0.0826297431360784
0.00761921920213617
0.0796299994736480
0.0600244670990966
0.201139031974529
0.119748738047628
0.114169823942492
0.235747855338446
0.218883592089774
0.223875587314337
0.172289286826359
0.122264204371444
0.122609835071072
0.193734072549063
0.104648030291030
0.128562706818505
0.188634396066046
0.142783575579364
0.143733008833392
0.0936278389882516
0.202288571609243
0.253940051094332
0.186415711910718
0.152380715147462
0.180863172712195
0.0873275459299482
0.0667272810602382
0.163208796386104
0.114971972711323
0.0555274416986432
0.0632858890203309
0.0442727826285733
0.0461350591180670
0.0412419031967782
0.0896390662504817
0.0415841891076300
0.0656726245591106
0.0238972818943764
0.208180056168664
0.0798112032232627
0.0688034838888524
0.0980495948481379
0.0790111201061923
0.0670151218272904
0.112783769506002
0.112878892060852
0.196857080669556
0.108754568937234
0.0433277659464929
0.0565486491173374
0.0526401778205971
0.0458385437508590
0.0190176338205289
0.0918270514474665
0.0847879724017123
0.0590495665523040
0.111769276040831
0.215156573754449
0.0824261709095874
0.105324023743844
0.117227128978956
0.115225601908849
0.144059284976345
0.115064317770477
0.134937262619291
0.164549906997501
0.137320115362043
0.274840083293885
0.123000620553853
0.0303777938458568
0.0296826446156533
0.0455879029588824
0.0854367533583323
0.0427448288835027
0.0835702140058767
0.0576267595677220
0.0494718891961173
0.0895971751162124
0.0559354322186254
0.0670986221942486
0.0722201837557907
0.0961897436566585
0.104730042234852
0.0456179865487560
0.143318354621212
0.127465194767624
0.0466123055247982
0.0815767546596962
0.0431714211003565
0.0872458880922131
0.0788922670166514
0.0874179954061280
0.0524793513814430
0.0750579244432616
0.0817689221185616
0.0750928725872207
0.0717609156763952
0.0902223167067657
0.0791352273076571
0.0846574112513791
0.0849329164058566
0.0868964666892477
0.104890201452380
0.0687526065408770
0.0836292046863553
0.0233429897210714
0.0886550365298525
0.0942684769779591
0.0526348347993721
0.0450840478629992
0.0839433012916967
0.0966061710594359
0.0970358728309032
0.0418633490109054
0.0426238704899201
0.105337950150797
0.0315279882632033
0.0395946839706695
0.0859046189314533
0.139941100817824
0.0421346635116286
0.121366758096464
0.0608183521425945
0.0758406613167312
0.153846153846154
0.0831024930747923
0.0532128864617399
0.0895049959510459
0.0981620400703085
0.0377651625858387
0.0604411953142723
0.0557321892665182
0.0920719818123794
0.0600623878650062
0.0398051213017873
0.0603888303364734
0.0625094389248592
0.0493191637752728
0.0145829041397186
0.0411149170144881
0.0614374068219805
0.0788387776693837
0.0947364713220443
0.0624165185961484
0.0885359214012619
0.0374236835950099
0.298641152927479
0.174688214694149
0.240697768576456
0.287190306477631
0.279173727837690
0.369589932592296
0.0503277373516348
0.0396957702893079
0.0892016329357086
0.100115258707315
0.124383097047218
0.130175032931284
0.139786440563137
0.137224558048567
0.130381559532661
0.00879789739950573
0.121203271300119
0.0478891886197956
0.152330262599518
0.0784178175896899
0.0327774126179976
0.00807273651055455
0.0761851795190016
0.0625937336920549
0.134417125186008
0.132769880774031
0.293911948608233
0.140259262035016
0.0709533935994166
0.0699104374251555
0.0513991299295122
0.0490153590636045
0.0972770503724765
0.0628972707891229
0.138827389602389
0.161871522997469
0.144354231912276
0.00628652411404796
0.104148454783475
0.0414511736504501
0.233311683336571
0.239470725828645
0.253736342033174
0.252817855529713
0.269231985245520
0.118082148741772
0.239160239585066
0.240979867001381
0.226417530390710
0.284084044564214
0.275626492989056
0.203047497693207
0.279977789643843
0.229066945973322
0.239717787885289
0.248402819701988
0.273048238003630
0.286798589119455
0.224933108343166
0.283443298369045
0.217637818955596
0.183440504367944
0.263647593437482
0.203264083549201
0.223556139226062
0.286226015500952
0.170987653049934
0.0525484401287955
0.0950516707049645
0.0893222359147786
0.104924783832969
0.0973386051800485
0.148278485750285
0.106818338186853
0.0340805534464408
0.151523992355427
0.0359008039849895
0.0633492415908994
0.0671591700477859
0.0679500838544088
0.148148148148148
0.0535025070539214
0.0239506630165813
0.0870436184869281
0.0618593974213806
0.0850807411562990
0.0787328180918907
0.0517692903014645
0.137562087399723
0.0830393219947925
0.0576823511678496
0.0515810304850590
0.0692307866699052
0.0856283398995250
0.0985999564870284
0.0773037231177774
0.0718491368154671
0.0299271862070907
0.0424530761016969
0.0572250985292712
0.0919100201907917
0.116547894598053
0.0532012667317484
0.106563864066990
0.114185696071532
0.0660968499612730
0.0689394879658785
0.121181408297522
0.120208316683224
0.0735248728011933
0.108507041719938
0.0516852854949115
0.0850751200584941
0.113205536055480
0.0862611492844791
0.0803543878974650
0.135882671690380
0.111782365315845
0.103844509669082
0.123005611043242
0.0704587417625023
0.0563564991826716
0.119766598714571
0.131925855531042
0.107152657607243
0.170178883020167
0.0345507525290842
0.0501191237259661
0.0702789528980585
0.0859540745726646
0.0805931456949082
0.0425819923163452
0.0828364558329987
0.117541002734846
0.0779257031021213
0.116003632560127
0.132369043568510
0.0624860190005397
0.0979647071289843
0.110079661188268
0.121442530654253
0.283183162172097
0.291212716510936
0.322349900034415
0.168764551322436
0.206072352843802
0.214220471838980
0.354201695046510
0.151879875314348
0.301007514318943
0.301388276749291
0.307473880395341
0.182281975972414
0.0615251045630017
0.0760439841464751
0.0771527253763264
0.0770414711283348
0.0877177644101189
0.0940915592907434
0.0634016613805019
0.0423534068824425
0.0960154378118223
0.0751543868366113
0.0620769764520125
0.0665542142017251
0.0965551072297208
0.0728879981916576
0.0830925021326191
0.0786656350828546
0.0568167404441070
0.0930473842638067
0.0725212871036891
0.0947967526349170
0.0978973624021249
0.0624978718827410
0.0939554823687896
0.0685568035962124
0.0984969471050944
0.0869279509764216
0.0878952869744484
0.0859193977156465
0.0856985367736056
0.0224714023278405
0.0845192969040720
0.0542500806968978
0.0836314927035970
0.0864124162482026
0.0568171485464528
0.121649249816372
0.110333506631350
0.0909294072912696
0.130840058085740
0.123159351375795
0.0781239191579231
0.138575906958397
0.0998652092001802
0.0524180021175104
0.114647349260292
0.0700466689239462
0.0582283179306155
0.0990656720757211
0.0335712076559564
0.133670124357604
0.106122086627012
0.0774257394624469
0.100955336974193
0.0745834403756598
0.0862485377248978
0.110236609817205
0.107337094489497
0.116462231568649
0.141015504567755
0.0991058583503840
0.130931371559179
0.0913308793122201
0.100365308773365
0.165847700391048
0.0316313036216230
0.0824207684732655
0.0661880671946159
0.0723555197379178
0.102098080924070
0.0999722919362483
0.0722679846479046
0.0148026656900582
0.0761788985602882
0.150849410666624
0.0246402584449846
0.0235878678435821
0.0341850830330497
0.0101261300030472
0.0272343611125866
0.0770509068009822
0.144039774316309
0.0911487117929248
0.180064976228311
0.106890999015614
0.116417189007951
0.158359939382126
0.0598097990141476
0.125958748757400
0.0526005227663752
0.0822019013064966
0.0706443797093236
0.135418394617184
0.0569573836636131
0.0777027689674224
0.0621354033999383
0.0467184346018963
0.0458418714928696
0.0941990559684407
0.0803373838010500
0.0373647709029000
0.0759115226128450
0.129163065877763
0.0701133183606290
0.0594962726069397
0.106958615480113
0.0689992268373023
0.142632225428852
0.0708529456539692
0.122972746653224
0.0469323339746526
0.0851885184705088
0.0944961069446740
0.0260920350924805
0.0998284810571662
0.0797434754406156
0.0775812515844731
0.0706479339377042
0.138025486259138
0.134745368213564
0.0848786510759271
0.101389118730433
0.220448130759064
0.0927834193397353
0.0859498356710402
0.0543126390494748
0.0932330792060781
0.0585175203349247
0.0723571412785841
0.110191036183395
0.117859728675189
0.0895301614744208
0.0501952918686726
0.0434674519061674
0.0745316850915246
0.0671030198048326
0.0945770142126985
0.0382286616529229
0.138882425962507
0.176826094339164
0.0760066558770542
0.0818915971667063
0.142529963147598
0.0466233149029519
0.148392968021698
0.0778229166666667
0.0553766363106967
0.155181980141528
0.0864746983156899
0.101200423627914
0.115898291636917
0.0845566248155976
0.00774040445982538
0.123111526772279
0.112030611411271
0.161814345159864
0.0450724290087081
0.155556544845132
0.0927729302974607
0.0852573411948292
0.0619223865031636
0.156928040119077
0.0587328206820109
0.0296586266496863
0.153030403751138
0.0311104034597037
0.0941193759892500
0.189801003855736
0.0700308816634342
0.110767619158612
0.341590066360939
0.218606111412344
0.233084842480809
0.214590988845973
0.203640446182071
0.0926664701924869
0.0617247390638620
0.120964711798545
0.0835717701386175
0.0689903155038616
0.0366429096783114
0.0221210928859271
0.0909990958079560
0.199639825057885
0.0176876835527713
0.0504224754351809
0.0902812198707963
0.0652027831169648
0.125038021619134
0.0705930461840633
0.120654942289709
0.0966087774375790
0.0796737852065223
0.199639825057885
0.146495513136853
0.115457718928752
0.0665293284133882
0.0906439599346768
0.136355051258298
0.258477870334006
0.0673033994188477
0.0703032104637337
0.0557999663354130
0.141213352566526
0.0814707803093688
0.0139561208430736
0.102938239975328
0.125569986754573
0.208695652173913
0.0747031519017838
0.0268999989517897
0.0842298921636991
0.123965509293738
0.0616872766665445
0.0570444516984252
0.0980337083668331
0.113172184280190
0.0907485866949668
0.0646493730500815
0.279578960400195
0.252869153065324
0.112162099347426
0.0878512088282396
0.122886517522919
0.0817770400080079
0.0331668426212168
0.126339252156477
0.0668070662686113
0.0524105074406028
0.0471543578534046
0.0699926432772540
0.0660300005257475
0.0703344312818431
0.0921928892506749
0.0441989142988371
0.0403266570691814
0.118643410400819
0.0700232776613019
0.0370143476381095
0.0370445765985771
0.116618631543494
0.110492278543191
0.0499224677166841
0.104242365939884
0.0863717677256241
0.0176411629901611
0.0686935005453314
0.0506879915381503
0.0688453118448279
0.0167964560570870
0.0696888494904668
0.0693071860996237
0.0524784022120225
0.0545984234012510
0.154642888092218
0.0833442819701279
0.148430121121253
0.0877149588857394
0.0730018665616317
0.0167744452309638
0.129855069609100
0.104629353476333
0.0812814755980512
0.0625381833399882
0.0683697397618960
0.0669531666400307
0.169576936056130
0.206505726584353
0.129147483937885
0.101884751786673
0.0985164435259576
0.150532181705088
0.0660281717443254
0.0832459468430557
0.0656605642338707
0.0686877680668930
0.0224461048565399
0.105342028426119
0.0990320681536577
0.0676993664091080
0.0539580141016646
0.117557470162329
0.101736672871294
0.108116480600894
0.0768731563907406
0.0648959818755926
0.105485764941411
0.0994426076534088
0.0789629158234366
0.0540417634936148
0.168761723929729
0.159011338207277
0.109238424024927
0.0752344879846891
0.0902967255727408
0.112226744552941
0.0439827490075795
0.0236913638580251
0.106147501574775
0.0632101828520226
0.158325251985688
0.0619025339646339
0.0921424270956468
0.0492446107027525
0.0629321754285359
0.158503182381435
0.168815320107641
0.0768617022525096
0.155660178467247
0.155744423526498
0.0701653944283618
0.0808241247226344
0.0679077350569764
0.0878983160161311
0.100434223047649
0.0530520111869788
0.0431018042276992
0.0531727108352836
0.0894493758662173
0.0782669739434389
0.0575403974923917
0.0646838268543197
0.175648042964817
0.0448856734806135
0.0741892498786895
0.164198936096469
0.0931026710192408
0.144925200888080
0.170299662759876
0.136949500373542
0.0926531287890821
0.152468064300680
0.0446288670177769
0.0869610637072617
0.171727392383733
0.140967987429656
0.0382049480294907
0.114766355825848
0.114642473588135
0.0969214402201408
0.0992210187736520
0.0834639164111217
0.0163353293473295
0.110529317761727
0.0878059313510203
0.153348243569438
0.107358533858374
0.0551155659029782
0.0790214980751760
0.223708276177412
0.0407603884502381
0.0584080609606075
0.0912905576466589
0.0628506386865167
0.179866666666667
0.0656054378422284
0.0665061194162925
0.0352581535143372
0.136163462185127
0.192839208683663
0.113458860814719
0.167510918238106
0.140354174666139
0.175291438970158
0.161358659535226
0.133007955949304
0.0936107422338866
0.208537613177898
0.192558778863629
0.128981310400471
0.147590350143265
0.310740459057366
0.139005656346718
0.142656136186128
0.0988761966763657
0.0870371539147071
0.0456642024670213
0.0824427669048102
0.0735604952628942
0.0275954606860394
0.0884961787821350
0.115075335166458
0.0590069552598193
0.184143222506394
0.0963157894736841
0.111359087115746
0.0537854192616254
0.243342010049523
0.0901104719179010
0.0929105479405452
0.0670605466073739
0.0744771426878416
0.0354974409975819
0.0287613905863273
0.0842752677758982
0.0283934528045106
0.0584514116894830
0.206353305785124
0.0988471464661942
0.0206833248120091
0.0816697422011813
0.160904729135152
0.0883260851068499
0.0856804952225830
0.00972244288514327
0.101079880919495
0.149945810106432
0.0906615909185746
0.0211352749404854
0.0877731381322570
0.0653110944630362
0.0130699484412905
0.113288900362906
0.0922871384106574
0.100306320286633
0.0807475091087289
0.0734760400831600
0.0883307317548097
0.0984959914451965
0.134193667288164
0.296917813797718
0.115903550987536
0.114595979486308
0.0954570218030014
0.108531401808139
0.0954280923350813
0.122685906769475
0.0863879062087578
0.0670140132760549
0.0976653849772521
0.0574810552696989
0.127759622025722
0.131950749442230
0.0560594906633447
0.111581600807040
0.138050233486464
0.147857031565362
0.0482978520605682
0.157241809218281
0.0844931768440977
0.0347491984988385
0.110200664037922
0.0972810235044195
0.106678096772457
0.0780608314069378
0.0843842339603964
0.167420139569827
0.0908833702228981
0.137633215247609
0.0108107703200597
0.0851424999437030
0.131807317789343
0.100433506633429
0.109650559962676
0.139389069724045
0.130069541741830
0.0782064633076283
0.0987357749200710
0.0643781603050184
0
0.0321305591590946
0.127567288707953
0.0254655205637708
0.0723019782644833
0.0806418286973462
0.0321348611855123
0.0934195462038318
0.130539656476933
0.0230065449565918
0.0859048021272949
0.0256832857828152
0.0599513359293204
0.0913041443593542
0.0300731383609776
0.0546827812596129
0.127473341787914
0.0845718225723052
0
0.0305491048351294
0.0483856675994129
0.0924364839190100
0.106791027533718
0.131195335276968
0.121416387456812
0.0329073769185305
0.102646208946729
0.0403942989016738
0.0231244001700548
0.0100113151115149
0.105766809367917
0.0517632209098477
0.0678502193653709
0.0231244001700548
0.0464742316776372
0.0640014845269799
0.0794070042284958
0.0679532763144738
0.0196634151224364
0.132843333979406
0.0645408390360813
0.106042887804308
0.0951862576970373
0.105766809367917
0.0620947280957712
0.106791027533718
0.111198620913281
0.112182981358117
0.0246441704362321
0.100757574898412
0.0774768772316904
0.126033039670456
0.115777214714618
0.389875517244180
0.292855144994439
0.147642289561387
0.227886339680533
0.284050870696380
0
0.288102462598939
0.126473846228752
0.0919134573035564
0.179993933389759
0.127198501809918
0.0643403862622462
0.0950617283950617
0.0613534827691106
0.0485526453313542
0.0274026171348097
0.0899800223377359
0.0872727272727273
0.0322827017153554
0.0803097144872919
0.104166666666667
0.0950617283950617
0.109830694610408
0.0936496940451458
0.0936496940451458
0.0706993401913913
0.0709791506311343
0.0957318408137816
0.104166666666667
0.0681919644254013
0.105490329877031
0.0970130711438722
0.0494459833795014
0.0706449819122515
0.104166666666667
0.112904895256737
0.123860725648126
0.104166666666667
0.0897768233221709
0.0428715224268963
0.0753463499931248
0.0516216059969565
0.0541260166036243
0.0772552014923064
0.0502538292233282
0.0950617283950617
0.0648457644674352
0.0338893294036338
0.0970130711438722
0.0899800223377359
0.0586901504906133
0.120963981510694
0.0576999387224518
0.0970130711438722
0.0681919644254013
0.0950617283950617
0.0848452398411091
0.0747863247863248
0.0950617283950617
0.104166666666667
0
0.0697379543533390
0.0848452398411091
0.104761554741367
0.0970130711438722
0.0970130711438722
0.0970130711438722
0.0970130711438722
0.112904895256737
0.0783019716251096
0.0398084054995996
0.0987423836926527
0.104730776178077
0.0970130711438722
0.112576020031010
0.0421335219410908
0.0970130711438722
0.121118548049691
0.0970130711438722
0.0318421337334814
0.0890762210153558
0
0
0.106140842637655
0.0862862001649994
0.0594869833866564
0.0485359674133553
0.0980189632816731
0.108571531208493
0.0708175796694878
0.127468127453231
0.102051838239875
0
0.0769717138504295
0.0640241077098800
0.0159489947455736
0.0574426422265337
0.0169506811660015
0.0718268797678440
0.0911826459206790
0.138583461934156
0.186149584487535
0.103208695970575
0.114808683024020
0.0430739906317175
0.139325317253210
0.158821400986396
0.164035821420581
0.153257567253212
0.145482248638559
0.152682311240818
0.175006502821289
0.100941963837637
0.214798597830873
0.166215192165790
0.105353564476786
0.205348936652718
0.0998782411569741
0.135252831474473
0.110382690598887
0.144399408372532
0.146371391944470
0.195011543000264
0.0389937421766579
0.0900580167117240
0.0970031029284948
0.0527638358546330
0.178996640981185
0.00938031293219859
0.0115110648637063
0.0784505586361303
0.179017543653024
0.194994480923244
0.0895531207193434
0.0833677669116985
0.0684517997117207
0.0820261324421072
0.0854618938595974
0.111204063803283
0.0621775535643215
0.178847781078269
0.0415871467098251
0.0685017318875091
0.0437801303971846
0.0557670938646148
0.0298694027755715
0.0877566170203456
0.0582655218362710
0.0425023599369746
0.102323883598017
0.197918261390790
0.0995371070115426
0.0676075575357546
0.156991996425692
0.0815880533350008
0.179754002506425
0.282010500381194
0.228403996935100
0.112511414706325
0.210834275126068
0.0982420918706298
0.245514913611818
0.144775491087165
0.123628985665833
0.115883090132305
0.100679151265636
0.0706773585531628
0.157149692483123
0.212576534072699
0.183655647215093
0.344107909649632
0.0901328075715823
0.0880719100254219
0.0814099653255148
0.114804674208074
0.101942174916036
0.133389104593824
0.320922444982414
0.0901777416576965
0.127570748425456
0.137936351932057
0.128561516358071
0.152024627052106
0.0986108600267897
0.125765821955518
0.145222507415839
0.134941571903871
0.161949114427937
0.105839568132014
0.177980962944900
0.138583461934156
0.101345253108693
0.143279473068610
0.123526836048304
0.321195673283600
0.137790981771360
0.114309000708658
0.0601229831622089
0.110489472216086
0.0714798894982802
0.00824917527314281
0.0131344008219938
0.0738005766116331
0.0578158350339948
0.0386377725241879
0.0288482823590019
0.0654046636711735
0.163257739447018
0.0888043288867932
0.0443446632780087
0.105578790416630
0.0186449706515266
0.0607857770316064
0.0523368490807289
0.0573772356578283
0.123890358134092
0.0512435489512705
0.0488317631566521
0.0612382567659179
0.0512112577496227
0.0440446665318175
0.226672033014023
0.102447955912376
0.0538089788447796
0.0450502214977018
0.0445261446694921
0.0695520552114679
0.124593979268563
0.0710582620121556
0.0698679815917222
0.0714103800262074
0.0424775916739648
0.107647831491688
0.179937800985105
0.0864445928154660
0.0647910086425594
0.0880787820811554
0.0485910885870247
0.0971163641035245
0.0497434861031252
0.0234582757786479
0.0171320148691458
0.0423455603978638
0.0990537548924547
0.0807516214144263
0.0903486684733210
0.102367381150121
0.120295466337410
0.0652979994027095
0
0.141571834812019
0.0518415267174649
0.122120725949018
0.112901665320809
0.0732877858500785
0.150225822260801
0.0605086901829804
0.121652011138263
0.116347664124891
0.149467030306413
0.0679983626546564
0.224571602623296
0.262337574514575
0.155025269912842
0.0457193559537240
0.0974495873423050
0.0837202288587710
0.0200565128572509
0.00979150321280617
0.0853177662561750
0.0919871695856259
0.0801660341304404
0.0457247732333827
0.130414896197107
0.0353710694042041
0.0611494194898447
0.0441866958120541
0.0643377542271935
0.138993854213973
0.0801071000622989
0.0643702677047542
0.145741552026860
0.0578734343280410
0.0205965028755916
0.0108355664022871
0.0477183597486601
0.0487456103249969
0.0683951258890150
0.118447085544837
0.0819427874813890
0.123932037157826
0.0393126126705993
0.0106988510448398
0.0842924027342477
0.0711749971512967
0.0388588169846182
0.144702438609539
0.159854879153459
0.209924434140041
0.212474053960493
0.106099663685727
0.0770435307979490
0.117576779356939
0.0880696309896710
0.0777318902577544
0.0602331605634065
0.104766049502289
0.0916024124618895
0.0460834033954184
0.0670223995826407
0.0901012453607948
0.148148148148148
0.0792816964983777
0.104639195196121
0.213413013267591
0.0656224867967464
0.0316497609109688
0.0490295550518950
0.100266451258004
0.0907214547279975
0.105483681991443
0.0719522147390578
0.0629327325840403
0.0488865635220881
0.0955293485189564
0.142876579233637
0.150427692527211
0.137391343629600
0.278908528332625
0.197411233285625
0.178810606910240
0.203399192333787
0.307218780730077
0.165203976329011
0.306269556862206
0.198466023766222
0.214091139779842
0.155827528508145
0.237473532685991
0.198994353157590
0.158809804686380
0.194720408409713
0.268131682037513
0.170984623906953
0.143907989947697
0.170627980801889
0.200132608748710
0.182377624277214
0.200379638820465
0.179605385236889
0.126491639896368
0.178600726960250
0.0797285381267287
0.0741620361216697
0.0769303508499702
0.0757616431821586
0.0589751215777715
0.0646441830588426
0.0721337907064642
0.151138092974983
0.107365073470679
0.0730931528440784
0.123566801360141
0.124833268645444
0.145556639560780
0.118789325143352
0.286688748392062
0.225509999718317
0.244793264931432
0.190610072130760
0.186968685901695
0.158924795197547
0.138277364944679
0.115045190583045
0.0549645189918870
0.125604105601277
0.0814605902772674
0.124768918622702
0.121892966528455
0.221407021397873
0.127544303721719
0.135197837450463
0.113850760523553
0.221599810594906
0.146995100273462
0.128234201037335
0.0981961132791655
0.0625740227017012
0.209817010866490
0.133316420841948
0.106457185163599
0.0404459292313920
0.0863828927845756
0.174334194037694
0.115953511059739
0.147012167477177
0.171936233871624
0.172490242229632
0.125178659430896
0.0813926365028899
0.141070168403492
0.124131905209406
0.148792450496346
0.0838449717587937
0.0877640506751777
0.106278360008878
0.135612756791054
0.0881006670669156
0.100386337023650
0.0843489910837187
0.101114082647717
0.0390105332576623
0.133085310908769
0.109221071034015
0.124164818320531
0.0999966928242865
0.123500976607440
0.133197964623070
0.0879161851663125
0.110550915259459
0.0402779881857865
0.122957710147942
0.132159893551555
0.0849941928495320
0.126349717323108
0.0218482390249294
0.132041550748920
0
0.210080247145906
0.0789352833065303
0.0585071401888255
0.0462904271927658
0.113303591852980
0.0565202166503815
0.0628085799388232
0.152055082626196
0.0845540154562113
0.233517866557909
0.0706134535408627
0.205658732510768
0.0653476808242120
0.155815810432659
0.0780778558641235
0.102652194903082
0.0866923595871203
0.0653759301386765
0.0646534916262548
0.147684908034711
0.0734555392605053
0.180359233819225
0.113642679959497
0.100563113179185
0.0519231697368527
0.0491101745560659
0.0566546181486837
0.0586470638588020
0.0479114636409947
0.0746028911703429
0.0411121458521078
0.0688440910152387
0.0458195892130640
0.0616324969100461
0.0805061443801025
0.0493245831281107
0.0518734404788735
0.0724386526961104
0.0445179362160750
0.0299768011715444
0.0595941843892079
0.0566635721641964
0.0428369276410469
0.0412485714812832
0.0254405078288309
0.0531978175222587
0.0259630095173220
0.0672312411945679
0.0678118588610030
0.0534732458249804
0.0524539751908046
0.0165597091529450
0.113114361130243
0.201759906507734
0.0568385388917568
0.0377063750174984
0.0355575010731365
0.124139254633151
0.128724789732522
0.256037936806663
0.170139268576128
0.142247259177520
0.175461660985133
0.104318272845764
0.149093696367868
0.124457399598410
0.0964618990942228
0.0902146723645973
0.104234168221253
0.0453775807445730
0.113537011738188
0.173359496452041
0.228296282872250
0.167549372546880
0.162994302544200
0.129861819390098
0.197835921481617
0.0173430372070635
0.0617551217019238
0.0246430212410939
0.0869537772609341
0.100868258792902
0.0545789242377963
0.140023591346829
0.0386111374539691
0.0627049256374809
0.183422157817780
0.0351180641333941
0.0676637158187023
0.00589942628117574
0.123030299791264
0.0214389149939504
0.0397491494092985
0.0935858474779059
0.0106000282009141
0.0614340725475598
0.108355456912008
0.100238779871745
0.0595054415839509
0.111130501527133
0.0447000001624503
0.0213766621105358
0.0380621727590705
0.0309220395016370
0.0453620253137306
0.0874096389143861
0.0820392319863406
0.0556179410436365
0.0334671742190268
0.0350306608730043
0.159109948227514
0.134809920785982
0.0361933487481315
0.0322131748074974
0.0349319815279411
0.0339413137348071
0.0627889598447289
0.0815514486195821
0.0473748080197568
0.131664836339422
0.0887433209024864
0.0344564382754897
0.108671585241709
0.0551165970148624
0.0914076673864598
0.0633777958742917
0.0935515658192154
0.0610907750154932
0.0190460198538604
0.0253172135591767
0.152404171087733
0.0608840264728753
0.0410790320055062
0.0898133160201532
0.0372083914833002
0.0536642641098730
0.0999000871252197
0.0618301893367064
0.0424310461761761
0.0931920296391523
0.0546067315995441
0.0591216469126887
0.0781206383646866
0.0729462796665376
0.0935954325968892
0.230297700644027
0.0963684073907978
0.140895338676005
0.0950617283950617
0.0874323825935025
0.0458327069039058
0.201542258581120
0.105305119789540
0.154934829068406
0.0729947782569097
0.125591051136689
0.188278018741360
0.0660510493193983
0.103204420817590
0.133896787263792
0.104485661861976
0.119348409091173
0.190011756460399
0.133522180009083
0.0710860455828078
0.192508330424472
0.131069013566190
0.223833245591627
0.300368477540787
0.372000903468656
0.143356182482825
0.334398186541642
0.139848804717375
0.250819041601492
0.172713655037304
0.191025303905451
0.175024283706733
0.186466631709051
0.142837464255506
0.241492474117118
0.261446970255232
0.274803715025677
0.0549597546552628
0.0813927306855639
0.0325164735600335
0.0981434617917500
0.0640198242729338
0.0928188608941307
0.0301108736620175
0.0657687927013262
0.0925804644028521
0.0751874037818261
0.0769010910634917
0.0834799842266850
0.0789613789384958
0.129293599861686
0.0910932928923959
0.104989237355663
0.0933813447344513
0.0207381250148191
0.110322939671272
0.0480394663489129
0.0479401015045913
0.0494951830119728
0.123903998639829
0.0799552334575059
0.0424412901808916
0.0649021326700319
0.0673526562706344
0.0823968791776655
0.124204855041158
0.0677792497922808
0.0981954122359695
0.0718985591648511
0.0731690293330242
0.0604952691367405
0.0523136803265652
0.127726722669696
0.0830992316876270
0.0653193093158124
0.0292497586963289
0.0648092456188768
0.0514987415872064
0.156736217765785
0.147565123514254
0.0919136862371122
0.125831856140892
0.107178034609661
0.0896607660068104
0.0589792060491494
0.0435450716830873
0.175342424387642
0.0593037789306584
0.0764674462164726
0.0620668246421441
0.209973614540875
0.126606320563262
0.0833621168507454
0.0865443726851547
0.0614845535206396
0.0742410511754305
0.103347908396801
0.0843014486910871
0.0979931645977296
0
0
0.101765491021405
0.0852955866965717
0.118121370513576
0.0923261400367386
0.0490647565128360
0.132091261924690
0.0707657984548087
0
0.145852361739704
0.0756875841940734
0.0560819411942703
0.0857864488210114
0.109289577624793
0.0624143972063902
0.0639635348916437
0.0728682264697294
0.0757393161165636
0.0653582219025482
0.0671657216227420
0.0983470663723853
0.0551270593273557
0.0737806342890833
0.0539551815089580
0.0705021460279971
0.0954712514141125
0.0734558430864965
0.112858303342143
0.0938238719185333
0.0802743583426785
0.101309931147194
0.0618143457235804
0.0437553793897795
0.0534859433933696
0.0400148487970846
0.0524395033616675
0.112526979407463
0.145394284058706
0.132679811570792
0.115024310994761
0.102512171039226
0.0129676688900330
0.0341655612987760
0.0668013111612363
0.0689041112293160
0.0547976345556358
0.0359695618287947
0.0713355019105373
0.186954943710009
0.102054716070709
0.0649677731367283
0.122272628144674
0.0181897514752794
0.0667929000631184
0.0774013256172096
0.0659166120316332
0.135372880313675
0.0473705080584602
0.0711963755102260
0.0650489682022274
0.0770131554487809
0.0634241568299793
0.164144891231090
0.0973597048512498
0.0663574516750241
0.0669013086946240
0.0962140509757136
0.0488548855111830
0.0915313876698285
0.0745044879779063
0.0331210141047318
0.121338711149137
0.121784245441816
0.0971968882321203
0.110463620434828
0.112449097320471
0.112105014170984
0.101035561147737
0.0915452654466651
0.105724235412120
0.0810524054258124
0.0657374679201623
0.0925588353735598
0.108375973062263
0.0908808340901836
0.0678189109594987
0.0685784583377194
0.0509239198457609
0.149034381271772
0.135294152097765
0.125964673571312
0.138510254241107
0.110538864387251
0.110225734592332
0.173590099425143
0.162657608414489
0.187157640842821
0.115192204360102
0.172478074922381
0.130210186900899
0.139743054634671
0.103275663169559
0.0868576142360456
0.0245606892425582
0.0297517819434288
0.105140851599196
0.102093557931089
0.0567177568238071
0.0389422408747913
0.0772444678456496
0.0713789294967441
0.0447438933361058
0.0607709654420800
0.106575162595913
0.0784992170453500
0.104014882653972
0.0231004339445813
0.0562130802528836
0.0988665157973158
0.0722153888343556
0.0833086139150810
0.0560999182866132
0.123860725648126
0.0111081576564473
0.0785743005762764
0.0382467832818364
0.106494992146829
0.139374834534954
0.110197075531990
0.0979811119663053
0.0429580770259060
0.0789690184096663
0.0869100960107191
0.0945808337967804
0.0538043335669286
0.197235308003844
0.113286637432989
0.0616349172208361
0.0892789031746026
0.106361240205046
0.112904895256737
0.108458333789088
0.140166204986150
0.0778229166666667
0.0432847035053520
0.0242528720988179
0.0932864246419524
0.0817425829745219
0.0668951596522786
0.140898162893781
0.0524931899467850
0.0772052194902424
0.0521341784824608
0.111591837830944
0.153846153846154
0.0686891903373653
0.0574657212607645
0.0901187084775455
0.0825642852728243
0.0547586188460760
0.170500000000000
0.0778229166666667
0.0904707063497377
0.112904895256737
0.0890978281622625
0.0750813886326056
0.0453190892768702
0.0975843652985252
0.150743237868318
0.0478689143142951
0.0801036942153226
0.0476757296473692
0.150743237868318
0.0521892891818348
0.0850488770582287
0.0623307904395015
0.0268354302791641
0.0128967609619022
0.0595714439620096
0.0532827755840979
0.254375000000000
0.0673133912433131
0.0864731140086076
0.264954120498615
0.0684296089032956
0.112821560031678
0.0917309671172969
0.264954120498615
0.0948861015660419
0.114277264689938
0.254375000000000
0.108700880267893
0.00679718333021763
0.128377142572533
0.107843126158193
0.0951626217513811
0.261190104609818
0.0614567821527069
0.118469373524835
0.0743109129736751
0.0692693683716870
0.199782266988826
0.0685203750393620
0.0191249509479643
0.0668967260357522
0.0832857757125520
0.0736810044271185
0.0791588774123122
0.208346360355188
0.0435983989852351
0.0452636310546984
0.0569581630700402
0.0822759425094951
0.0242352214548485
0.168567882341255
0.148904635115837
0.0553945022562555
0.113041526297711
0.147257293849971
0.0806355045070127
0.0176822536702735
0.0110761127502261
0.0279691378354119
0.0314199781337982
0.110694592007120
0.0245748164334925
0.0435597492573232
0.183834562614336
0.0354892173022602
0.0144925042530051
0.0367309137555185
0.0202176959159603
0.283339035632032
0.133553282999688
0.142860891221050
0.181454522228314
0.0266554496213690
0.0585853952559084
0.0807864997521761
0.0352368892289223
0.126165529577422
0.0951910307724201
0.0745715714771724
0.0813646520542223
0.115895812991008
0.132713673176489
0.0675732097138713
0.0636343200435758
0.0672465259699246
0.0644817538393037
0.109400348432893
0.212803796195061
0.115813093567797
0.275221592714661
0.138569214172616
0.124167149159133
0.102428927227766
0.168991876137048
0.155397910096994
0.306896796001474
0.142535408822539
0.202474311596310
0.158607074959421
0.214378374538955
0.182352815369840
0.120997743492934
0.144236935523389
0.276323473682871
0.150267859939983
0.282948367096523
0.282141755903197
0.203534539089290
0.208995119943952
0.104404198492636
0.159556548960279
0.189482832322704
0.297514813082394
0.108918720978608
0.354932657278963
0.293097282204681
0.124365405299291
0.131860921714300
0.289840827289899
0.0736094186203388
0.175239604962616
0.0893961973429228
0.144338275064949
0.0958491462658006
0.204314708455154
0.0583841649465216
0.113237633543323
0.0803708190296944
0.142768631069253
0.103543650317722
0.182445229502150
0.134279131139780
0.0963223735561902
0.101096039472964
0.156101184547508
0.0694421983980932
0.0944471877562952
0.0885092499761344
0.0857485846197491
0.0357073573818185
0.0282208465063494
0.113050376768096
0.105826469238500
0.0659883756092367
0.0726327122345975
0.0787473062185991
0.0680397160553004
0.123587978241476
0.0647921806470538
0.0280070177583008
0.0350277632219934
0.0652270693604105
0.0724450514391101
0.0768686228139016
0.0781572916438586
0.0691717929220744
0.0429334495010478
0.0522614626608652
0.0468390952726851
0.00765813162513245
0.00624322401748253
0.0609888335070662
0.0102476611920853
0.0742027829001065
0.0365581884681757
0.0524199051961325
0.0752094039373397
0.0758922151621290
0.0576120513185147
0.0606304045842189
0.00855216162960465
0.110188034087076
0.100297948000762
0.0743514227879475
0.0642312300419481
0.0132848157210835
0.0752152353863277
0.0752857053623756
0.0588950248789287
0.0109107414605632
0.0933291205497111
0.0972553423323161
0.154431917533265
0.124367179291241
0.0756041794512933
0.116024550344186
0.0930155455567229
0.0923813499321216
0.106567724748046
0.0619238906641639
0.0522092893730027
0.0690322767071432
0.0817024607043495
0.0237709887599504
0.0940107405195493
0.0977614699814056
0.122221310187469
0.134935599965277
0.104202710495963
0.0983122935997680
0.125015096821701
0.138868286578246
0.0837650463793332
0.0639293344372322
0.0985400580159072
0.130222372015042
0.111323569819128
0.0540413553601517
0.0380582813378947
0.0462827945243633
0.0655264642997531
0.0464384349028790
0.137527014657363
0.127348072955906
0.117492837856576
0.0406004871847335
0.0899487663992751
0.0556562782727002
0.0143114583754298
0.0740899934077404
0.0850489192243769
0.0857526508094482
0.135850628049628
0.129522393742388
0.0961250493654957
0.0685827483028171
0.0627352583120291
0.0413985737859032
0.0743523102538671
0.176055349180103
0.0804345676714687
0.0687493348688709
0.0364381491484457
0.0661312978849825
0.0771479336673754
0.00763432382061772
0.0633271247916871
0.0763770541307539
0.0246340979181956
0.0853979136006254
0.0318711282768982
0.0897627190454619
0.0929101088668801
0.0773852533859167
0.0624981412476696
0.106185864508887
0.144559042157850
0.0930658854826739
0.108764818026542
0.0742365829280130
0.163185559932758
0.133555348691930
0.0860321249494327
0.103445555716944
0.115397426353109
0.113620599854389
0.131698218847848
0.0288432283873083
0.108056604778309
0.0713183463727880
0.148334218342081
0.186864431877519
0.0625867913626011
0.147652792109208
0.139158762079841
0.115158018003401
0.0818031702991908
0.165163168458591
0.0869730999290084
0.0896930433815600
0.153899376198480
0.191787391920408
0.119598272406385
0.173166741212970
0.138729057539256
0.157589421933758
0.0869379585489913
0.132060682586001
0.166472427907411
0.162222858374439
0.149741458677106
0.0300529268089191
0.163039438032646
0.234630658673876
0.0896688091195175
0.0915268106491479
0.0862521313087490
0.103904455621560
0.0465598550284409
0.143216884677342
0.196880415900397
0.111236407983743
0.163767882943081
0.182787476322522
0.225167084558562
0.182435245840720
0.219078771635794
0.0262438037581116
0.0707034053794124
0.0214383149256439
0.0560527167053830
0.0333198405315960
0.0488926635479320
0.0611362641566484
0.0344323440277152
0.0594178715278104
0.0885554338066063
0.0592535537551653
0.0561341794706290
0.0526081273514007
0.0323951773860307
0.0260635066899619
0.0311688515360675
0.0176587139766821
0.0916097135378799
0.0677678809878854
0.0395623753983622
0.0456823350254691
0.0634398476510735
0.0281692344744163
0.0757835709333697
0
0.0725649123295801
0
0
0
0.0569894848682827
0.0346520153331191
0.0396681047221303
0.121212121212121
0.0413422722029988
0.0628696033404434
0.0640796698847283
0.0996072549642569
0.0632552339531060
0.0346310865792751
0.0412445850806187
0.0455230937345956
0.0482675984505402
0
0.0531012348814337
0.0497287065749635
0.0360304158285595
0.0845694504803778
0.0496638850610906
0.0357173258972554
0.113750000000000
0.0425029515938607
0.0745055259701046
0.0920576696416041
0.0579641763612009
0.160065855666331
0.0650654819751030
0.0199798163185181
0.0372886240165187
0.0274884915229222
0
0.0947514729423057
0.0293119403161488
0.0632552339531060
0.113750000000000
0.0413422722029988
0.0773834295345374
0.0566164428299628
0.0683044496259135
0.0866859152536292
0.0548309214610461
0.0316729640367559
0.0441376560084836
0.0408136621424494
0.0488274713093771
0.0834141606519419
0.0488926635479320
0.0475250558588693
0
0
0.0310864312561959
0.0743329832092530
0.0533661330863218
0.0987357749200710
0.0719993442682682
0
0.0304410896283571
0.0953122828443759
0.0648453046453381
0.0872085270982943
0.0579494612484738
0.182669089674171
0.192827645389027
0.164932801516546
0.297000890861613
0.106290817473516
0.0865762394566821
0.149576666370954
0.138763351622257
0.140116560355881
0.118929185147188
0.110351623953942
0.0719803186028365
0.211968578109422
0.247448760172288
0.112192191179712
0.112634562153206
0.161697237667485
0.257871245873257
0.187174634355527
0.151786434599566
0.320323510476833
0.217217802312062
0.0893564087852811
0.273996200351861
0.101434369006632
0.126727991871830
0.136076392294971
0.209407278864751
0.202188363017467
0.175164796179824
0.0939128559550271
0.0904498194248757
0.179460833519138
0.120747269640886
0.0737470230408932
0.0738049492056707
0.233316687043128
0.245344744451249
0.114471410689751
0.100770190474820
0.0283772773135369
0.193503147606891
0.257602034085225
0.117832107912639
0.0791164196515842
0.0458589274570895
0.139500295544716
0.189172848543109
0.186257884649876
0.0428293306668168
0.107229234406209
0.0621357998192526
0.102951828731912
0.0921536168729776
0.106747976007324
0.0860238671636236
0.259364718891087
0.0849844471914542
0.212667312887900
0.247560064918284
0.170895125762692
0.109726150454477
0.280461562097064
0.0553031800403806
0.125232327779984
0.0788102827762321
0.252911976667063
0.0714158851998374
0.107155962421011
0.100318296388913
0.0912264329920487
0.162669851132726
0.162069419552282
0.161958685223907
0.178070425456625
0.0574616359218081
0.0539866656469357
0.160247538441616
0.0618120620778276
0.0652493608724782
0.109453748507355
0.101090680266425
0.0638275450631677
0.0727528728151997
0.217026723009258
0.234713333352680
0.245570054301307
0.270726406314792
0.0980361588686364
0.114046998527075
0.170552082247277
0.170446056319210
0.174785088309217
0.272560272357820
0.249185471803009
0.281077668447462
0.288282729532769
0.154788335653747
0.286858377895460
0.264616625498562
0.0617216924388833
0.103630114127949
0.123127460735205
0.166891485894948
0.152056061629754
0.248431760617120
0.0509366621068001
0.115815467437807
0.103086059156803
0.219796592346594
0.233096609206909
0.131190092587329
0.255233060057673
